12.06
14.93
16.86
17.56
19.83
20.86
21.74
22.26
21.76
23.56
27.12
34.98
38.87
42.63
51.11
55.01
58.9
62.58
65.73
68.38
69.57
71.46
72.57
73.89
75.35
76.33
78.19
79.28
80.22
82.23
81.4
83.5
83.71
83.77
84.36
85.19
85.56
86.11
86.23
86.41
86.51
86.74
87.31
87.15
87.38
87.82
87.76
88.04
88.65
88.79
89.14
89.08
89.32
89.42
89.33
89.36
89.99
89.96
89.89
89.82
90.05
90.1
90.65
90.45
90.4
90.53
89.48
90.63
90.85
90.86
90.95
90.99
91.06
91.06
91.22
91.27
91.36
91.42
90.44
91.34
91.3
91.53
91.57
91.6
91.94
91.87
91.9
91.94
91.99
92.06
91.93
92.13
92.01
92.26
92.52
92.3
91.91
92.23
92.5
92.67
