89.72
92.9
94.41
95.66
96.08
96.35
96.69
96.79
97.02
97.05
97.21
97.29
97.46
97.56
97.51
97.59
97.54
97.74
97.77
97.86
97.89
97.88
97.93
98.08
98.09
98.07
98.14
98.06
98.09
98.12
98.2
98.32
98.27
98.25
98.24
98.22
98.32
98.4
98.31
98.4
98.36
98.41
98.39
98.42
98.46
98.48
98.46
98.37
98.51
98.48
98.47
98.45
98.5
98.52
98.5
98.61
98.5
98.56
98.5
98.6
98.54
98.57
98.44
98.5
98.6
98.54
98.55
98.6
98.59
98.54
98.62
98.49
98.52
98.62
98.55
98.58
98.61
98.64
98.61
98.65
98.69
98.61
98.71
98.7
98.72
98.66
98.73
98.7
98.62
98.78
98.72
98.71
98.78
98.65
98.72
98.69
98.71
98.74
98.74
98.7
