16.82
35.85
48.94
64.34
70.37
72.5
76.52
81.84
83.97
85.45
86.63
86.96
87.8
88.66
88.4
89.28
90.05
89.78
90.69
90.67
90.85
91.11
91.3
91.51
91.75
91.73
92.05
92.18
92.33
92.41
92.63
92.51
92.69
92.19
92.81
93.15
93.15
93.1
93.1
93.37
93.43
93.59
93.84
93.76
93.65
93.73
93.74
93.84
94.03
94.1
94.08
94.08
94.19
94.33
94.44
94.32
94.23
94.46
94.45
94.48
94.33
94.52
94.58
94.69
94.76
94.75
94.8
94.82
94.97
94.82
94.99
95.03
95.09
95.11
95.2
95.16
95.14
95.22
95.23
95.34
95.28
95.3
95.44
95.44
95.51
95.5
95.5
95.43
95.63
95.62
95.65
95.44
95.65
95.55
95.63
95.74
95.9
95.9
95.93
95.83
