24.44
53.08
67.37
75.34
80.96
85.09
87.47
88.51
90.08
90.99
91.58
91.72
92.3
92.61
92.87
93.06
93.38
93.38
93.6
93.93
93.91
94.25
94.16
94.24
94.45
94.46
94.48
94.89
94.8
94.82
95.05
95.15
95.26
95.41
95.24
95.42
95.59
95.64
95.64
95.81
95.86
95.94
95.93
96.05
95.98
96.12
96.16
96.19
96.23
96.21
96.1
96.3
96.27
96.29
96.5
96.41
96.61
96.63
96.62
96.63
96.67
96.69
96.83
96.74
96.74
96.87
96.87
96.84
96.9
96.86
96.96
96.99
97.02
97.02
97.03
97.06
97
97.01
97.11
97.08
97.11
97.03
97.17
97.09
97.16
97.17
97.26
97.25
97.26
97.35
97.23
97.25
97.28
97.17
97.35
97.33
97.38
97.33
97.29
97.31
