80.88
88.16
90.42
92.4
93.36
94.5
94.77
95.15
95.57
95.59
95.9
96.08
96.22
96.36
96.55
96.72
96.7
96.64
96.83
96.91
96.98
96.92
97.01
97.03
97.19
97.33
97.34
97.32
97.42
97.34
97.38
97.52
97.57
97.58
97.68
97.57
97.68
97.76
97.64
97.74
97.86
97.69
97.79
97.8
97.76
97.78
97.72
97.68
97.82
97.89
98.01
98
98.07
97.92
97.97
97.89
98.03
97.98
98.06
98.1
98.11
98.08
98.03
98.09
98.05
98.21
98.22
98.15
98.11
98.15
98.21
98.24
98.18
98.19
98.3
98.23
98
98.32
98.23
98.19
98.23
98.2
98.23
98.29
98.34
98.29
98.37
98.31
98.22
98.01
98.33
98.38
98.32
97.98
98.31
98.3
98.46
98.28
98.31
98.4
