73.19
84.31
89.95
92.12
93.37
93.94
94.6
94.95
95.41
95.8
95.85
95.86
95.98
96.37
96.47
96.54
96.66
96.91
96.98
97.05
97
97.18
97.32
97.39
97.55
97.5
97.52
97.43
97.42
97.51
97.58
97.58
97.59
97.66
97.74
97.75
97.85
97.89
97.8
97.99
97.88
97.99
98.03
98.01
97.93
97.95
98.02
98.04
97.95
98.09
97.97
98
98.13
98.04
98.05
98.2
98.22
98.17
98.23
98.24
98.25
98.22
98.2
98.27
98.28
98.33
98.34
98.34
98.29
98.33
98.36
98.33
98.33
98.33
98.32
98.44
98.37
98.39
98.35
98.49
98.44
98.45
98.38
98.39
98.36
98.4
98.41
98.33
98.44
98.4
98.43
98.48
98.48
98.46
98.44
98.47
98.46
98.51
98.51
98.51
