11.6
11.59
11.62
11.63
11.63
11.65
11.65
11.69
11.69
11.7
11.76
11.8
11.79
11.81
11.82
11.82
11.86
11.89
11.91
11.94
11.94
11.94
11.96
12.02
12.02
12.08
12.08
12.07
12.15
12.2
12.22
12.22
12.29
12.31
12.34
12.36
12.38
12.38
12.39
12.4
12.44
12.51
12.44
12.5
12.53
12.58
12.6
12.62
12.62
12.64
12.65
12.63
12.66
12.65
12.66
12.71
12.76
12.79
12.87
12.86
12.88
12.99
13.04
13.02
13.08
13.1
13.18
13.23
13.3
13.37
13.32
13.42
13.53
13.61
13.72
13.77
13.88
13.99
14.1
14.23
14.36
14.46
14.46
14.74
14.76
15.05
15.32
15.58
15.84
16.3
16.54
16.75
17.06
17.3
17.47
17.64
17.94
18.44
18.71
19.07
