31.45
67.58
74.26
81.95
85.68
88.02
88.98
90.34
90.93
91.81
91.98
92.45
93.02
93.14
93.29
93.74
93.86
94.02
94.17
94.33
94.27
94.64
94.8
94.89
94.9
95.05
95.38
95.54
95.45
95.64
95.58
95.7
95.86
95.96
96.04
96.09
96.08
96.3
96.07
96.2
96.37
96.26
96.54
96.5
96.5
96.54
96.62
96.6
96.77
96.71
96.76
96.7
96.79
96.76
96.71
96.75
96.88
96.74
96.92
97.08
97.05
97.08
96.95
97.11
97.2
97.11
97.24
97.21
97.24
97.32
97.25
97.31
97.28
97.36
97.17
97.29
97.38
97.29
97.41
97.4
97.32
97.41
97.45
97.48
97.44
97.47
97.53
97.53
97.58
97.68
97.62
97.57
97.63
97.68
97.61
97.68
97.69
97.72
97.67
97.67
97.74
97.76
97.78
97.72
97.86
97.75
97.8
97.79
97.86
97.9
97.87
97.83
97.81
97.81
97.83
97.89
97.84
97.91
97.98
98.02
97.89
97.9
97.96
97.97
98.06
98.04
98.01
98.05
97.97
97.98
98.07
98.03
98
97.97
98.02
98.03
97.96
97.98
98.02
98.01
98.04
98.06
98.13
98.04
98.08
98.08
98.09
98.05
98.1
98.06
98.18
98.16
98.17
98.15
98.08
98.15
98.2
98.09
98.24
98.22
98.14
98.19
98.2
98.28
98.19
98.26
98.26
98.27
98.26
98.37
98.27
98.29
98.28
98.26
98.34
98.3
98.36
98.3
98.3
98.37
98.36
98.37
98.36
98.42
98.42
98.39
98.37
98.29
98.42
98.37
98.38
98.47
98.45
98.34
98.4
98.39
98.37
98.36
98.37
98.44
