25.629999 
48.439999 
60.139999 
57.599998 
57.549999 
60.439999 
59.680000 
80.480003 
84.669998 
77.699997 
80.260002 
88.019997 
86.709999 
89.570000 
91.620003 
94.000000 
83.989998 
91.230003 
89.150002 
93.709999 
92.220001 
92.910004 
92.870003 
94.019997 
94.120003 
93.910004 
90.300003 
91.139999 
94.410004 
86.690002 
89.650002 
93.660004 
93.930000 
91.919998 
94.129997 
95.809998 
95.279999 
95.510002 
95.199997 
92.389999 
96.919998 
91.320000 
94.940002 
96.150002 
96.809998 
95.239998 
93.769997 
95.050003 
95.309998 
95.820000 
95.940002 
96.120003 
93.860001 
93.269997 
94.379997 
95.720001 
95.830002 
96.629997 
96.379997 
95.449997 
95.459999 
97.029999 
95.989998 
95.940002 
96.230003 
96.680000 
95.480003 
91.739998 
92.669998 
97.180000 
94.949997 
94.580002 
96.620003 
96.940002 
96.000000 
93.949997 
97.400002 
95.849998 
95.550003 
96.660004 
96.750000 
94.180000 
95.110001 
95.389999 
97.650002 
96.790001 
95.440002 
93.820000 
96.230003 
98.169998 
96.110001 
96.669998 
97.790001 
94.410004 
97.459999 
95.870003 
96.360001 
96.730003 
97.400002 
96.839996 
95.540001 
96.669998 
97.790001 
94.410004 
97.459999 
95.870003 
96.360001 
96.730003 
97.400002 
96.839996 
95.540001 
96.669998 
97.790001 
94.410004 
97.459999 
95.870003 
96.360001 
96.730003 
97.400002 
96.839996 
95.540001 
96.669998 
97.790001 
94.410004 
97.459999 
95.870003 
96.360001 
96.730003 
97.400002 
96.839996 
95.540001 
96.669998 
97.790001 
94.410004 
97.459999 
95.870003 
96.360001 
96.730003 
97.400002 
96.839996 
95.540001 
96.669998 
97.790001 
94.410004 
97.459999 
95.870003 
96.360001 
96.730003 
97.400002 
96.839996 
95.540001 
96.669998 
97.790001 
94.410004 
97.459999 
95.870003 
96.360001 
96.730003 
97.400002 
96.839996 
95.540001 
96.669998 
97.790001 
94.410004 
97.459999 
95.870003 
96.360001 
96.730003 
97.400002 
96.839996 
95.540001 
96.669998 
97.790001 
94.410004 
97.459999 
95.870003 
96.360001 
96.730003 
97.400002 
96.839996 
95.540001 
96.669998 
97.790001 
94.410004 
97.459999 
95.870003 
96.360001 
96.730003 
97.400002 
96.839996 
95.540001 
96.669998 
97.790001 
94.410004 
97.459999 
95.870003 
96.360001 
96.730003 
97.400002 
96.839996 
95.540001 
96.669998 
97.790001 
94.410004 
97.459999 
95.870003 
96.360001 
96.730003 
97.400002 
96.839996 
95.540001 
96.669998 
97.790001 
94.410004 
97.459999 
95.870003 
96.360001 
96.730003 
97.400002 
96.839996 
95.540001 
96.669998 
97.790001 
94.410004 
97.459999 
95.870003 
96.360001 
96.730003 
97.400002 
96.839996 
95.540001 
96.669998 
97.790001 
94.410004 
97.459999 
95.870003 
96.360001 
96.730003 
97.400002 
96.839996 
95.540001 
96.669998 
97.790001 
94.410004 
97.459999 
95.870003 
96.360001 
96.730003 
97.400002 
96.839996 
95.540001 
96.669998 
97.790001 
94.410004 
97.459999 
95.870003 
96.360001 
96.730003 
97.400002 
96.839996 
95.540001 
96.669998 
97.790001 
94.410004 
97.459999 
95.870003 
96.360001 
96.730003 
97.400002 
96.839996 
95.540001 
96.669998 
97.790001 
94.410004 
97.459999 
95.870003 
96.360001 
96.730003 
97.400002 
96.839996 
95.540001 
96.669998 
97.790001 
94.410004 
97.459999 
95.870003 
96.360001 
96.730003 
97.400002 
96.839996 
95.540001 
96.669998 
97.790001 
94.410004 
97.459999 
95.870003 
96.360001 
96.730003 
97.400002 
96.839996 
95.540001 
96.669998 
97.790001 
94.410004 
97.459999 
95.870003 
96.360001 
96.730003 
97.400002 
96.839996 
95.540001 
96.669998 
97.790001 
94.410004 
97.459999 
95.870003 
96.360001 
96.730003 
97.400002 
96.839996 
95.540001 
96.669998 
97.790001 
94.410004 
97.459999 
95.870003 
96.360001 
96.730003 
97.400002 
96.839996 
95.540001 
96.669998 
97.790001 
94.410004 
97.459999 
95.870003 
96.360001 
96.730003 
97.400002 
96.839996 
95.540001 
96.669998 
97.790001 
94.410004 
97.459999 
95.870003 
96.360001 
96.730003 
97.400002 
96.839996 
95.540001 
96.669998 
97.790001 
94.410004 
97.459999 
95.870003 
96.360001 
96.730003 
97.400002 
96.839996 
95.540001 
96.669998 
97.790001 
94.410004 
97.459999 
95.870003 
96.360001 
96.730003 
97.400002 
96.839996 
95.540001 
96.669998 
97.790001 
94.410004 
97.459999 
95.870003 
96.360001 
96.730003 
97.400002 
96.839996 
95.540001 
96.669998 
97.790001 
94.410004 
97.459999 
95.870003 
96.360001 
96.730003 
97.400002 
96.839996 
95.540001 
96.669998 
97.790001 
94.410004 
97.459999 
95.870003 
96.360001 
96.730003 
97.400002 
96.839996 
95.540001 
96.669998 
97.790001 
94.410004 
97.459999 
95.870003 
96.360001 
96.730003 
97.400002 
96.839996 
95.540001 
96.669998 
97.790001 
94.410004 
97.459999 
95.870003 
96.360001 
96.730003 
97.400002 
96.839996 
95.540001 
96.669998 
97.790001 
94.410004 
97.459999 
95.870003 
96.360001 
96.730003 
97.400002 
96.839996 
95.540001 
96.669998 
97.790001 
94.410004 
97.459999 
95.870003 
96.360001 
96.730003 
97.400002 
96.839996 
95.540001 
96.669998 
97.790001 
94.410004 
97.459999 
95.870003 
96.360001 
96.730003 
97.400002 
96.839996 
95.540001 
96.669998 
97.790001 
94.410004 
97.459999 
95.870003 
96.360001 
96.730003 
97.400002 
96.839996 
95.540001 
96.669998 
97.790001 
94.410004 
97.459999 
95.870003 
96.360001 
96.730003 
97.400002 
96.839996 
95.540001 
96.669998 
97.790001 
94.410004 
97.459999 
95.870003 
96.360001 
96.730003 
97.400002 
96.839996 
95.540001 
96.669998 
97.790001 
94.410004 
97.459999 
95.870003 
96.360001 
96.730003 
97.400002 
96.839996 
95.540001 
96.669998 
97.790001 
94.410004 
97.459999 
95.870003 
96.360001 
96.730003 
97.400002 
96.839996 
95.540001 
96.669998 
97.790001 
94.410004 
97.459999 
95.870003 
96.360001 
96.730003 
97.400002 
96.839996 
95.540001 
96.669998 
97.790001 
94.410004 
97.459999 
95.870003 
96.360001 
96.730003 
97.400002 
96.839996 
95.540001 
96.669998 
97.790001 
94.410004 
97.459999 
95.870003 
96.360001 
96.730003 
97.400002 
96.839996 
95.540001 
96.669998 
97.790001 
94.410004 
97.459999 
95.870003 
96.360001 
96.730003 
97.400002 
96.839996 
95.540001 
96.669998 
97.790001 
94.410004 
97.459999 
95.870003 
96.360001 
96.730003 
97.400002 
96.839996 
95.540001 
96.669998 
97.790001 
94.410004 
97.459999 
95.870003 
96.360001 
96.730003 
97.400002 
96.839996 
95.540001 
96.669998 
97.790001 
94.410004 
97.459999 
95.870003 
96.360001 
96.730003 
97.400002 
96.839996 
95.540001 
96.669998 
97.790001 
94.410004 
97.459999 
95.870003 
96.360001 
96.730003 
97.400002 
96.839996 
95.540001 
96.669998 
97.790001 
94.410004 
97.459999 
95.870003 
96.360001 
96.730003 
97.400002 
96.839996 
95.540001 
96.669998 
97.790001 
94.410004 
97.459999 
95.870003 
96.360001 
96.730003 
97.400002 
96.839996 
95.540001 
96.669998 
97.790001 
94.410004 
97.459999 
95.870003 
96.360001 
96.730003 
97.400002 
96.839996 
95.540001 
96.669998 
97.790001 
94.410004 
97.459999 
95.870003 
96.360001 
96.730003 
97.400002 
96.839996 
95.540001 
96.669998 
97.790001 
94.410004 
97.459999 
95.870003 
96.360001 
96.730003 
97.400002 
96.839996 
95.540001 
96.669998 
97.790001 
94.410004 
97.459999 
95.870003 
96.360001 
96.730003 
97.400002 
96.839996 
95.540001 
96.669998 
97.790001 
94.410004 
97.459999 
95.870003 
96.360001 
96.730003 
97.400002 
96.839996 
95.540001 
96.669998 
97.790001 
94.410004 
97.459999 
95.870003 
96.360001 
96.730003 
97.400002 
96.839996 
95.540001 
96.669998 
97.790001 
94.410004 
97.459999 
95.870003 
96.360001 
96.730003 
97.400002 
96.839996 
95.540001 
96.669998 
97.790001 
94.410004 
97.459999 
95.870003 
96.360001 
96.730003 
97.400002 
96.839996 
95.540001 
96.669998 
97.790001 
94.410004 
97.459999 
95.870003 
96.360001 
96.730003 
97.400002 
96.839996 
95.540001 
96.669998 
97.790001 
94.410004 
97.459999 
95.870003 
96.360001 
96.730003 
97.400002 
96.839996 
95.540001 
96.669998 
97.790001 
94.410004 
97.459999 
95.870003 
96.360001 
96.730003 
97.400002 
96.839996 
95.540001 
96.669998 
97.790001 
94.410004 
97.459999 
95.870003 
96.360001 
96.730003 
97.400002 
96.839996 
95.540001 
96.669998 
97.790001 
94.410004 
97.459999 
95.870003 
96.360001 
96.730003 
97.400002 
96.839996 
95.540001 
96.669998 
97.790001 
94.410004 
97.459999 
95.870003 
96.360001 
96.730003 
97.400002 
96.839996 
95.540001 
96.669998 
97.790001 
94.410004 
97.459999 
95.870003 
96.360001 
96.730003 
97.400002 
96.839996 
95.540001 
96.669998 
97.790001 
94.410004 
97.459999 
95.870003 
96.360001 
96.730003 
97.400002 
96.839996 
95.540001 
96.669998 
97.790001 
94.410004 
97.459999 
95.870003 
96.360001 
96.730003 
97.400002 
96.839996 
95.540001 
96.669998 
97.790001 
94.410004 
97.459999 
95.870003 
96.360001 
96.730003 
97.400002 
96.839996 
95.540001 
96.669998 
97.790001 
94.410004 
97.459999 
95.870003 
96.360001 
96.730003 
97.400002 
96.839996 
95.540001 
96.669998 
97.790001 
94.410004 
97.459999 
95.870003 
96.360001 
96.730003 
97.400002 
96.839996 
95.540001 
96.669998 
97.790001 
94.410004 
97.459999 
95.870003 
96.360001 
96.730003 
97.400002 
96.839996 
95.540001 
96.669998 
97.790001 
94.410004 
97.459999 
95.870003 
96.360001 
96.730003 
97.400002 
96.839996 
95.540001 
96.669998 
97.790001 
94.410004 
97.459999 
95.870003 
96.360001 
96.730003 
97.400002 
96.839996 
95.540001 
96.669998 
97.790001 
94.410004 
97.459999 
95.870003 
96.360001 
96.730003 
97.400002 
96.839996 
95.540001 
96.669998 
97.790001 
94.410004 
97.459999 
95.870003 
96.360001 
96.730003 
97.400002 
96.839996 
95.540001 
96.669998 
97.790001 
94.410004 
97.459999 
95.870003 
96.360001 
96.730003 
97.400002 
96.839996 
95.540001 
96.669998 
97.790001 
94.410004 
97.459999 
95.870003 
96.360001 
96.730003 
97.400002 
96.839996 
95.540001 
96.669998 
97.790001 
94.410004 
97.459999 
95.870003 
96.360001 
96.730003 
97.400002 
96.839996 
95.540001 
96.669998 
97.790001 
94.410004 
97.459999 
95.870003 
96.360001 
96.730003 
97.400002 
96.839996 
95.540001 
96.669998 
97.790001 
94.410004 
97.459999 
95.870003 
96.360001 
96.730003 
97.400002 
96.839996 
95.540001 
96.669998 
97.790001 
94.410004 
97.459999 
95.870003 
96.360001 
96.730003 
97.400002 
96.839996 
95.540001 
96.669998 
97.790001 
94.410004 
97.459999 
95.870003 
96.360001 
96.730003 
97.400002 
96.839996 
95.540001 
96.669998 
97.790001 
94.410004 
97.459999 
95.870003 
96.360001 
96.730003 
97.400002 
96.839996 
95.540001 
96.669998 
97.790001 
94.410004 
97.459999 
95.870003 
96.360001 
96.730003 
97.400002 
96.839996 
95.540001 
96.669998 
97.790001 
94.410004 
97.459999 
95.870003 
96.360001 
96.730003 
97.400002 
96.839996 
95.540001 
96.669998 
97.790001 
94.410004 
97.459999 
95.870003 
96.360001 
96.730003 
97.400002 
96.839996 
95.540001 
96.669998 
97.790001 
94.410004 
97.459999 
95.870003 
96.360001 
96.730003 
97.400002 
96.839996 
95.540001 
96.669998 
97.790001 
94.410004 
97.459999 
95.870003 
96.360001 
96.730003 
97.400002 
96.839996 
95.540001 
96.669998 
97.790001 
94.410004 
97.459999 
95.870003 
96.360001 
96.730003 
97.400002 
96.839996 
95.540001 
96.669998 
97.790001 
94.410004 
97.459999 
95.870003 
96.360001 
96.730003 
97.400002 
96.839996 