19.549999 
39.639999 
52.459999 
49.220001 
58.650002 
62.299999 
66.809998 
78.230003 
80.500000 
64.779999 
73.870003 
78.080002 
85.339996 
82.959999 
77.209999 
81.739998 
81.440002 
67.699997 
83.980003 
85.449997 
79.169998 
80.559998 
81.720001 
84.050003 
73.589996 
85.820000 
80.769997 
83.669998 
86.580002 
91.279999 
80.000000 
89.830002 
84.339996 
79.389999 
86.169998 
91.250000 
90.029999 
94.070000 
93.790001 
94.230003 
91.379997 
92.489998 
88.889999 
94.639999 
88.050003 
93.820000 
93.760002 
94.000000 
92.300003 
92.559998 
87.739998 
94.720001 
88.820000 
92.110001 
90.910004 
92.900002 
89.370003 
88.860001 
89.449997 
87.110001 
94.250000 
95.150002 
93.180000 
93.230003 
95.300003 
93.389999 
90.750000 
92.599998 
94.830002 
93.089996 
94.949997 
95.180000 
95.370003 
93.720001 
94.269997 
95.419998 
93.150002 
94.940002 
96.040001 
96.419998 
95.860001 
95.279999 
95.599998 
94.570000 
94.029999 
94.970001 
95.949997 
96.089996 
93.209999 
95.160004 
95.750000 
96.629997 
96.360001 
94.029999 
95.220001 
94.930000 
96.040001 
96.809998 
94.769997 
95.839996 
92.180000 
96.389999 
95.120003 
95.550003 
94.570000 
97.059998 
96.779999 
95.870003 
96.430000 
96.870003 
95.720001 
91.900002 
96.660004 
95.480003 
97.029999 
95.739998 
96.650002 
96.599998 
93.500000 
96.650002 
95.589996 
95.419998 
97.110001 
96.269997 
94.919998 
94.589996 
95.750000 
96.540001 
96.010002 
95.680000 
96.860001 
95.919998 
96.050003 
95.500000 
94.089996 
96.889999 
96.120003 
95.389999 
96.779999 
96.959999 
97.070000 
95.699997 
96.599998 
94.919998 
95.809998 
94.620003 
92.500000 
96.860001 
95.449997 
94.699997 
96.440002 
97.120003 
96.190002 
97.000000 
96.800003 
96.300003 
95.379997 
93.900002 
95.349998 
96.120003 
96.239998 
96.800003 
96.440002 
95.480003 
95.510002 
93.889999 
97.430000 
97.139999 
93.900002 
92.080002 
95.989998 
95.360001 
97.139999 
96.339996 
97.610001 
95.940002 
96.110001 
96.970001 
94.889999 
95.459999 
97.190002 
97.029999 
95.800003 
95.860001 
96.000000 
96.900002 
96.639999 
97.139999 
97.160004 
97.519997 
97.220001 
96.730003 
95.129997 
97.720001 
95.459999 
96.279999 
97.029999 
97.169998 
96.809998 
96.989998 
96.860001 
97.410004 
95.330002 
96.989998 
97.010002 
96.839996 
97.550003 
97.750000 
93.040001 
96.629997 
95.830002 
97.370003 
96.680000 
96.529999 
96.440002 
97.559998 
97.570000 
94.900002 
95.589996 
95.430000 
94.769997 
91.000000 
96.599998 
96.809998 
96.279999 
96.989998 
97.559998 
95.019997 
97.639999 
97.760002 
96.540001 
97.209999 
97.349998 
96.239998 
97.250000 
97.139999 
96.860001 
96.750000 
96.269997 
97.150002 
96.239998 
96.959999 
97.220001 
97.410004 
97.239998 
97.099998 
97.360001 
96.879997 
97.730003 
97.589996 
96.169998 
95.089996 
96.669998 
95.949997 
96.959999 
97.080002 
97.040001 
97.540001 
96.779999 
97.720001 
95.769997 
97.040001 
95.529999 
97.330002 
94.879997 
97.769997 
95.570000 
96.110001 
95.239998 
93.930000 
95.660004 
97.209999 
97.879997 
97.389999 
97.550003 
97.489998 
97.510002 
97.250000 
97.989998 
96.769997 
96.970001 
96.040001 
96.180000 
97.400002 
97.040001 
96.660004 
95.910004 
97.459999 
95.540001 
97.629997 
96.260002 
97.519997 
96.250000 
95.930000 
97.430000 
95.500000 
97.529999 
96.860001 
97.199997 
97.360001 
97.019997 
95.870003 
97.889999 
94.849998 
96.839996 
97.629997 
97.889999 
97.790001 
97.389999 
97.510002 
97.370003 
96.730003 
97.519997 
96.870003 
95.889999 
96.930000 
97.320000 
97.940002 
97.489998 
97.589996 
97.199997 
96.779999 
96.760002 
97.129997 
96.900002 
97.260002 
97.410004 
96.930000 
97.320000 
96.269997 
97.760002 
97.250000 
97.410004 
98.070000 
96.769997 
97.779999 
97.699997 
97.290001 
96.599998 
97.080002 
96.830002 
97.339996 
94.449997 
94.430000 
97.129997 
97.910004 
97.889999 
97.169998 
97.160004 
97.260002 
97.019997 
95.870003 
97.889999 
94.849998 
96.839996 
97.629997 
97.889999 
97.790001 
97.389999 
97.510002 
97.370003 
96.730003 
97.519997 
96.870003 
95.889999 
96.930000 
97.320000 
97.940002 
97.489998 
97.589996 
97.199997 
96.779999 
96.760002 
97.129997 
96.900002 
97.260002 
97.410004 
96.930000 
97.320000 
96.269997 
97.760002 
97.250000 
97.410004 
98.070000 
96.769997 
97.779999 
97.699997 
97.290001 
96.599998 
97.080002 
96.830002 
97.339996 
94.449997 
94.430000 
97.129997 
97.910004 
97.889999 
97.169998 
97.160004 
97.260002 
97.019997 
95.870003 
97.889999 
94.849998 
96.839996 
97.629997 
97.889999 
97.790001 
97.389999 
97.510002 
97.370003 
96.730003 
97.519997 
96.870003 
95.889999 
96.930000 
97.320000 
97.940002 
97.489998 
97.589996 
97.199997 
96.779999 
96.760002 
97.129997 
96.900002 
97.260002 
97.410004 
96.930000 
97.320000 
96.269997 
97.760002 
97.250000 
97.410004 
98.070000 
96.769997 
97.779999 
97.699997 
97.290001 
96.599998 
97.080002 
96.830002 
97.339996 
94.449997 
94.430000 
97.129997 
97.910004 
97.889999 
97.169998 
97.160004 
97.260002 97.019997 
95.870003 
97.889999 
94.849998 
96.839996 
97.629997 
97.889999 
97.790001 
97.389999 
97.510002 
97.370003 
96.730003 
97.519997 
96.870003 
95.889999 
96.930000 
97.320000 
97.940002 
97.489998 
97.589996 
97.199997 
96.779999 
96.760002 
97.129997 
96.900002 
97.260002 
97.410004 
96.930000 
97.320000 
96.269997 
97.760002 
97.250000 
97.410004 
98.070000 
96.769997 
97.779999 
97.699997 
97.290001 
96.599998 
97.080002 
96.830002 
97.339996 
94.449997 
94.430000 
97.129997 
97.910004 
97.889999 
97.169998 
97.160004 
97.260002 
97.019997 
95.870003 
97.889999 
94.849998 
96.839996 
97.629997 
97.889999 
97.790001 
97.389999 
97.510002 
97.370003 
96.730003 
97.519997 
96.870003 
95.889999 
96.930000 
97.320000 
97.940002 
97.489998 
97.589996 
97.199997 
96.779999 
96.760002 
97.129997 
96.900002 
97.260002 
97.410004 
96.930000 
97.320000 
96.269997 
97.760002 
97.250000 
97.410004 
98.070000 
96.769997 
97.779999 
97.699997 
97.290001 
96.599998 
97.080002 
96.830002 
97.339996 
94.449997 
94.430000 
97.129997 
97.910004 
97.889999 
97.169998 
97.160004 
97.260002 
97.019997 
95.870003 
97.889999 
94.849998 
96.839996 
97.629997 
97.889999 
97.790001 
97.389999 
97.510002 
97.370003 
96.730003 
97.519997 
96.870003 
95.889999 
96.930000 
97.320000 
97.940002 
97.489998 
97.589996 
97.199997 
96.779999 
96.760002 
97.129997 
96.900002 
97.260002 
97.410004 
96.930000 
97.320000 
96.269997 
97.760002 
97.250000 
97.410004 
98.070000 
96.769997 
97.779999 
97.699997 
97.290001 
96.599998 
97.080002 
96.830002 
97.339996 
94.449997 
94.430000 
97.129997 
97.910004 
97.889999 
97.169998 
97.160004 
97.260002 
97.019997 
95.870003 
97.889999 
94.849998 
96.839996 
97.629997 
97.889999 
97.790001 
97.389999 
97.510002 
97.370003 
96.730003 
97.519997 
96.870003 
95.889999 
96.930000 
97.320000 
97.940002 
97.489998 
97.589996 
97.199997 
96.779999 
96.760002 
97.129997 
96.900002 
97.260002 
97.410004 
96.930000 
97.320000 
96.269997 
97.760002 
97.250000 
97.410004 
98.070000 
96.769997 
97.779999 
97.699997 
97.290001 
96.599998 
97.080002 
96.830002 
97.339996 
94.449997 
94.430000 
97.129997 
97.910004 
97.889999 
97.169998 
97.160004 
97.260002 
97.019997 
95.870003 
97.889999 
94.849998 
96.839996 
97.629997 
97.889999 
97.790001 
97.389999 
97.510002 
97.370003 
96.730003 
97.519997 
96.870003 
95.889999 
96.930000 
97.320000 
97.940002 
97.489998 
97.589996 
97.199997 
96.779999 
96.760002 
97.129997 
96.900002 
97.260002 
97.410004 
96.930000 
97.320000 
96.269997 
97.760002 
97.250000 
97.410004 
98.070000 
96.769997 
97.779999 
97.699997 
97.290001 
96.599998 
97.080002 
96.830002 
97.339996 
94.449997 
94.430000 
97.129997 
97.910004 
97.889999 
97.169998 
97.160004 
97.260002 
97.019997 
95.870003 
97.889999 
94.849998 
96.839996 
97.629997 
97.889999 
97.790001 
97.389999 
97.510002 
97.370003 
96.730003 
97.519997 
96.870003 
95.889999 
96.930000 
97.320000 
97.940002 
97.489998 
97.589996 
97.199997 
96.779999 
96.760002 
97.129997 
96.900002 
97.260002 
97.410004 
96.930000 
97.320000 
96.269997 
97.760002 
97.250000 
97.410004 
98.070000 
96.769997 
97.779999 
97.699997 
97.290001 
96.599998 
97.080002 
96.830002 
97.339996 
94.449997 
94.430000 
97.129997 
97.910004 
97.889999 
97.169998 
97.160004 
97.260002 
97.019997 
95.870003 
97.889999 
94.849998 
96.839996 
97.629997 
97.889999 
97.790001 
97.389999 
97.510002 
97.370003 
96.730003 
97.519997 
96.870003 
95.889999 
96.930000 
97.320000 
97.940002 
97.489998 
97.589996 
97.199997 
96.779999 
96.760002 
97.129997 
96.900002 
97.260002 
97.410004 
96.930000 
97.320000 
96.269997 
97.760002 
97.250000 
97.410004 
98.070000 
96.769997 
97.779999 
97.699997 
97.290001 
96.599998 
97.080002 
96.830002 
97.339996 
94.449997 
94.430000 
97.129997 
97.910004 
97.889999 
97.169998 
97.160004 
97.260002 
97.019997 
95.870003 
97.889999 
94.849998 
96.839996 
97.629997 
97.889999 
97.790001 
97.389999 
97.510002 
97.370003 
96.730003 
97.519997 
96.870003 
95.889999 
96.930000 
97.320000 
97.940002 
97.489998 
97.589996 
97.199997 
96.779999 
96.760002 
97.129997 
96.900002 
97.260002 
97.410004 
96.930000 
97.320000 
96.269997 
97.760002 
97.250000 
97.410004 
98.070000 
96.769997 
97.779999 
97.699997 
97.290001 
96.599998 
97.080002 
96.830002 
97.339996 
94.449997 
94.430000 
97.129997 
97.910004 
97.889999 
97.169998 
97.160004 
97.260002 
97.019997 
95.870003 
97.889999 
94.849998 
96.839996 
97.629997 
97.889999 
97.790001 
97.389999 
97.510002 
97.370003 
96.730003 
97.519997 
96.870003 
95.889999 
96.930000 
97.320000 
97.940002 
97.489998 
97.589996 
97.199997 
96.779999 
96.760002 
97.129997 
96.900002 
97.260002 
97.410004 
96.930000 
97.320000 
96.269997 
97.760002 
97.250000 
97.410004 
98.070000 
96.769997 
97.779999 
97.699997 
97.290001 
96.599998 
97.080002 
96.830002 
97.339996 
94.449997 
94.430000 
97.129997 
97.910004 
97.889999 
97.169998 
97.160004 
97.260002 
97.019997 
95.870003 
97.889999 
94.849998 
96.839996 
97.629997 
97.889999 
97.790001 
97.389999 
97.510002 
97.370003 
96.730003 
97.519997 
96.870003 
95.889999 
96.930000 
97.320000 
97.940002 
97.489998 
97.589996 
97.199997 
96.779999 
96.760002 
97.129997 
96.900002 
97.260002 
97.410004 
96.930000 
97.320000 
96.269997 
97.760002 
97.250000 
97.410004 
98.070000 
96.769997 
97.779999 
97.699997 
97.290001 
96.599998 
97.080002 
96.830002 
97.339996 
94.449997 
94.430000 
97.129997 
97.910004 
97.889999 
97.169998 
97.160004 
97.260002 
97.019997 
95.870003 
97.889999 
94.849998 
96.839996 
97.629997 
97.889999 
97.790001 
97.389999 
97.510002 
97.370003 
96.730003 
97.519997 
96.870003 
95.889999 
96.930000 
97.320000 
97.940002 
97.489998 
97.589996 
97.199997 
96.779999 
96.760002 
97.129997 
96.900002 
97.260002 
97.410004 
96.930000 
97.320000 
96.269997 
97.760002 
97.250000 
97.410004 
98.070000 
96.769997 
97.779999 
97.699997 
97.290001 
96.599998 
97.080002 
96.830002 
97.339996 
94.449997 
94.430000 
97.129997 
97.910004 
97.889999 
97.169998 
97.160004 
97.260002 
97.260002 