11.520000 
20.129999 
10.270000 
18.950001 
43.860001 
32.650002 
33.509998 
37.180000 
42.340000 
46.029999 
49.349998 
60.560001 
65.519997 
40.669998 
56.490002 
63.340000 
21.889999 
59.840000 
72.500000 
72.150002 
62.869999 
63.660000 
69.750000 
67.730003 
70.570000 
70.889999 
70.940002 
67.330002 
60.650002 
64.440002 
74.540001 
71.180000 
72.370003 
70.570000 
74.330002 
73.139999 
70.320000 
67.849998 
78.360001 
79.730003 
74.190002 
78.449997 
72.209999 
81.339996 
83.989998 
82.349998 
80.459999 
81.459999 
80.330002 
82.400002 
84.790001 
83.160004 
78.889999 
74.620003 
83.599998 
77.690002 
81.820000 
85.529999 
85.169998 
79.260002 
78.470001 
77.660004 
72.940002 
71.690002 
74.080002 
78.080002 
83.870003 
84.980003 
78.570000 
71.570000 
82.099998 
71.930000 
84.650002 
81.400002 
76.860001 
73.000000 
83.010002 
80.309998 
76.000000 
79.760002 
80.470001 
72.669998 
74.769997 
76.050003 
83.980003 
76.059998 
85.419998 
88.370003 
79.260002 
80.940002 
78.239998 
80.709999 
79.059998 
81.320000 
78.940002 
85.599998 
85.779999 
83.709999 
83.529999 
84.489998 
83.070000 
88.379997 
74.430000 
82.089996 
88.309998 
80.959999 
87.680000 
87.180000 
84.239998 
89.559998 
89.059998 
87.220001 
87.330002 
89.339996 
89.989998 
85.269997 
83.519997 
75.400002 
84.400002 
83.750000 
89.779999 
88.199997 
80.059998 
82.080002 
86.930000 
87.010002 
84.559998 
87.000000 
82.790001 
81.699997 
88.250000 
88.690002 
84.059998 
78.099998 
82.709999 
90.089996 
88.480003 
89.820000 
82.849998 
87.089996 
86.180000 
89.809998 
86.570000 
83.949997 
91.260002 
72.639999 
87.269997 
88.470001 
90.529999 
88.440002 
88.360001 
91.070000 
87.610001 
92.279999 
86.320000 
89.269997 
89.559998 
89.019997 
85.320000 
90.629997 
92.050003 
81.139999 
89.739998 
87.529999 
86.720001 
83.660004 
81.879997 
85.320000 
90.660004 
87.839996 
85.330002 
91.440002 
89.739998 
92.120003 
88.940002 
89.750000 
84.080002 
89.199997 
90.760002 
89.620003 
91.989998 
87.510002 
88.379997 
90.480003 
89.779999 
89.489998 
89.980003 
88.199997 
84.739998 
91.339996 
90.919998 
89.849998 
89.209999 
91.830002 
90.970001 
84.500000 
89.889999 
84.139999 
91.690002 
90.639999 
92.800003 
90.629997 
91.440002 
90.029999 
91.550003 
91.519997 
89.790001 
91.050003 
88.570000 
84.260002 
83.150002 
88.230003 
91.010002 
90.019997 
89.580002 
88.529999 
92.169998 
91.139999 
91.480003 
92.760002 
90.260002 
89.989998 
87.050003 
86.339996 
90.839996 
88.370003 
90.529999 
88.419998 
86.839996 
91.870003 
90.540001 
91.309998 
91.559998 
91.750000 
87.889999 
90.260002 
92.470001 
90.360001 
93.669998 
90.760002 
93.389999 
90.470001 
86.470001 
92.150002 
92.160004 
90.279999 
88.650002 
86.610001 
93.070000 
92.050003 
90.129997 
86.029999 
90.470001 
93.129997 
90.089996 
91.089996 
93.070000 
89.160004 
90.650002 
91.610001 
92.379997 
87.830002 
90.209999 
91.680000 
89.120003 
89.660004 
92.830002 
90.290001 
91.820000 
89.199997 
92.629997 
91.209999 
90.300003 
91.570000 
91.029999 
88.050003 
93.120003 
91.160004 
92.459999 
89.139999 
91.449997 
93.629997 
82.230003 
88.029999 
92.570000 
93.970001 
93.779999 
90.440002 
87.160004 
90.580002 
93.989998 
92.580002 
92.669998 
91.040001 
88.830002 
89.540001 
92.680000 
92.900002 
93.500000 
90.180000 
92.769997 
90.120003 
89.820000 
92.809998 
94.150002 
94.250000 
88.019997 
89.459999 
89.180000 
90.190002 
87.709999 
90.199997 
90.989998 
91.040001 
93.739998 
89.650002 
92.169998 
88.449997 
92.739998 
92.750000 
90.800003 
93.550003 
91.830002 
93.160004 
91.559998 
93.870003 
93.570000 
94.709999 
93.470001 
88.589996 
93.589996 
93.949997 
93.930000 
91.699997 
94.830002 
90.970001 
90.230003 
88.879997 
92.150002 
90.760002 
88.519997 
88.769997 
92.360001 
92.860001 
94.190002 
93.360001 
92.169998 
94.110001 
91.410004 
90.809998 
91.639999 
87.760002 
93.910004 
93.099998 
93.400002 
90.930000 
92.089996 
92.279999 
95.089996 
93.010002 
92.800003 
94.309998 
95.029999 
92.930000 
94.610001 
91.900002 
91.730003 
93.519997 
93.709999 
93.510002 
94.510002 
93.750000 
92.709999 
92.720001 
92.919998 
94.129997 
94.680000 
92.070000 
90.980003 
91.510002 
91.769997 
94.620003 
94.820000 
93.169998 
92.680000 
93.699997 
92.559998 
92.650002 
93.779999 
91.849998 
91.839996 
92.849998 
93.180000 
94.139999 
88.849998 
92.410004 
93.889999 
92.980003 
94.779999 
94.709999 
92.589996 
90.339996 
94.059998 
94.639999 
90.879997 
92.480003 
95.139999 
93.320000 
95.550003 
89.260002 
93.959999 
94.099998 
94.910004 
92.940002 
89.989998 
91.680000 
91.750000 
94.169998 
95.660004 
93.790001 
93.870003 
92.040001 
89.639999 
93.889999 
92.129997 
93.080002 
94.389999 
95.730003 
93.779999 
94.980003 
95.580002 
93.910004 
94.690002 
93.650002 
95.019997 
95.760002 
91.919998 
86.879997 
87.949997 
94.190002 
92.750000 
92.959999 
94.180000 
92.949997 
93.800003 
92.930000 
93.050003 
94.500000 
94.440002 
93.940002 
94.139999 
94.309998 
93.500000 
93.959999 
92.720001 
93.430000 
92.389999 
93.449997 
94.139999 
91.680000 
95.760002 
95.910004 
91.910004 
94.290001 
94.550003 
95.129997 
95.589996 
94.440002 
90.870003 
90.339996 
85.750000 
94.370003 
95.680000 
93.260002 
94.419998 
94.290001 
93.540001 
94.980003 
94.330002 
89.610001 
94.089996 
94.610001 
95.500000 
91.339996 
94.750000 
95.769997 
95.169998 
94.400002 
94.870003 
95.849998 
95.190002 
92.139999 
87.970001 
89.730003 
93.239998 
95.949997 
94.760002 
95.199997 
95.449997 
94.120003 
95.849998 
94.199997 
93.989998 
95.570000 
95.290001 
92.720001 
96.419998 
95.239998 
94.169998 
93.089996 
90.089996 
94.790001 
93.040001 
95.089996 
95.330002 
90.599998 
90.360001 
94.570000 
93.349998 
96.230003 
94.930000 
96.019997 
93.959999 
89.599998 
94.570000 
91.400002 
95.680000 
96.050003 
94.720001 
95.800003 
95.389999 
93.639999 
94.110001 
95.339996 
95.180000 
94.540001 
93.500000 
92.650002 
91.110001 
90.190002 
91.959999 
95.150002 
95.279999 
94.489998 
94.660004 
95.580002 
95.769997 
92.400002 
94.309998 
94.559998 
94.959999 
95.169998 
94.720001 
93.410004 
93.459999 
96.300003 
95.800003 
95.300003 
94.260002 
94.760002 
94.309998 
94.779999 
95.830002 
95.019997 
95.639999 
93.760002 
94.879997 
95.980003 
95.650002 
95.940002 
95.989998 
95.580002 
96.230003 
93.239998 
92.470001 
96.620003 
95.879997 
95.910004 
94.099998 
92.290001 
96.070000 
95.639999 
94.000000 
95.160004 
93.040001 
95.339996 
92.820000 
93.820000 
92.169998 
94.709999 
93.589996 
96.320000 
93.139999 
95.010002 
95.099998 
93.989998 
95.580002 
95.330002 
95.269997 
95.809998 
96.519997 
94.910004 
96.010002 
95.940002 
95.089996 
94.239998 
92.839996 
95.160004 
92.750000 
95.139999 
95.449997 
94.169998 
94.949997 
95.839996 
95.010002 
94.620003 
94.330002 
95.839996 
94.370003 
93.680000 
90.540001 
95.110001 
95.129997 
94.989998 
94.660004 
93.860001 
95.919998 
94.400002 
95.199997 
95.169998 
95.800003 
94.699997 
92.489998 
92.279999 
95.809998 
93.889999 
95.389999 
94.889999 
95.669998 
94.440002 
92.260002 
94.470001 
96.209999 
96.419998 
96.029999 
93.169998 
95.089996 
95.389999 
95.160004 
94.230003 
95.610001 
96.019997 
96.660004 
95.970001 
93.570000 
94.680000 
96.169998 
95.500000 
96.279999 
95.330002 
95.949997 
93.599998 
92.910004 
95.000000 
95.019997 
96.019997 
96.330002 
96.410004 
95.059998 
95.290001 
95.870003 
95.820000 
93.820000 
94.360001 
95.559998 
94.519997 
94.900002 
96.309998 
94.690002 
94.760002 
93.809998 
95.930000 
94.730003 
96.180000 
94.349998 
96.160004 
96.489998 
95.680000 
94.160004 
94.790001 
94.540001 
96.570000 
96.029999 
91.250000 
94.339996 
95.940002 
95.639999 
95.379997 
94.930000 
96.529999 
96.080002 
95.910004 
95.239998 
92.779999 
94.919998 
94.519997 
95.839996 
96.349998 
96.040001 
95.750000 
95.930000 
96.739998 
96.129997 
96.449997 
95.190002 
95.860001 
96.349998 
96.410004 
95.099998 
94.900002 
94.809998 
94.599998 
95.040001 
92.529999 
94.690002 
95.830002 
96.120003 
95.739998 
96.400002 
96.750000 
94.489998 
96.000000 
96.129997 
96.510002 
94.269997 
94.239998 
95.260002 
94.669998 
95.820000 
94.620003 
92.050003 
94.550003 
96.260002 
95.349998 
95.470001 
96.570000 
96.000000 
95.000000 
94.750000 
95.900002 
95.550003 
93.650002 
95.699997 
96.330002 
96.110001 
96.019997 
95.669998 
93.250000 
96.169998 
95.029999 
95.070000 
93.809998 
96.720001 
96.519997 
94.980003 
94.070000 
91.239998 
93.519997 
93.870003 
95.209999 
95.680000 
94.410004 
94.720001 
96.300003 
94.510002 
94.570000 
97.070000 
96.080002 
87.339996 
92.879997 
95.940002 
95.779999 
96.839996 
95.940002 
96.000000 
96.610001 
96.089996 
96.160004 
95.190002 
96.269997 
96.500000 
94.860001 
95.879997 
96.180000 
96.449997 
96.800003 
96.349998 
96.540001 
96.190002 
95.940002 
94.230003 
94.709999 
93.910004 
76.260002 
87.150002 
95.290001 
94.269997 
95.570000 
96.750000 
97.180000 
96.320000 
97.040001 
96.989998 
95.599998 
96.279999 
96.660004 
95.709999 
96.480003 
96.650002 
97.099998 
96.059998 
96.010002 
97.190002 
96.599998 
96.800003 
97.180000 
95.519997 
95.139999 
96.680000 
95.940002 
96.160004 
94.989998 
96.110001 
96.580002 
96.769997 
96.779999 
96.720001 
96.650002 
95.129997 
92.970001 
95.419998 
96.580002 
93.320000 
95.300003 
96.610001 
95.190002 
96.559998 
96.110001 
95.680000 
95.620003 
94.970001 
96.470001 
95.839996 
94.930000 
94.940002 
94.919998 
95.660004 
95.230003 
94.540001 
96.650002 
94.959999 
95.120003 
95.220001 
95.480003 
96.959999 
97.169998 
95.309998 
96.260002 
94.690002 
96.209999 
96.809998 
96.459999 
96.580002 
96.480003 
97.019997 
95.720001 
95.510002 
95.970001 
95.949997 
94.879997 
96.550003 
96.040001 
95.800003 
94.699997 
96.160004 
95.750000 
96.629997 
96.919998 
96.739998 
97.110001 
96.519997 
95.669998 
96.320000 
96.050003 
93.900002 
96.919998 
95.870003 
95.199997 
96.750000 
94.089996 
84.480003 
95.930000 
95.019997 
95.889999 
95.610001 
96.680000 
96.470001 
97.300003 
95.889999 
96.529999 
97.250000 
96.629997 
96.099998 
96.500000 
97.070000 
96.489998 
96.629997 
93.849998 
96.300003 
96.279999 
95.720001 
97.129997 
96.820000 
92.000000 
96.559998 
96.220001 
96.430000 
94.680000 
94.570000 
95.669998 
96.440002 
95.040001 
96.300003 
95.910004 
94.629997 
96.919998 
95.320000 
96.809998 
95.870003 
97.150002 
97.099998 
95.570000 
96.180000 
95.449997 
95.970001 
95.070000 
95.769997 
95.750000 
94.959999 
96.860001 
96.419998 
96.309998 
96.610001 
96.739998 
96.989998 
96.790001 
97.139999 
94.980003 
96.639999 
96.739998 
97.610001 
96.449997 
96.269997 
97.010002 
95.349998 
97.000000 
95.900002 
96.400002 
94.739998 
95.430000 
95.629997 
94.379997 
96.080002 
96.440002 
96.489998 
96.180000 
96.949997 
94.580002 
97.349998 
96.320000 
97.160004 
97.480003 
95.110001 
93.940002 
95.959999 
95.430000 
95.870003 
96.769997 
96.989998 
97.089996 
96.730003 
96.650002 
96.540001 
96.709999 
97.470001 
97.050003 
96.980003 
97.000000 
96.199997 
95.889999 
