10.110000 
10.100000 
13.750000 
13.600000 
20.740000 
10.100000 
17.090000 
20.150000 
23.080000 
10.100000 
35.040001 
35.830002 
23.760000 
29.730000 
31.620001 
20.930000 
18.080000 
30.870001 
51.779999 
43.990002 
45.290001 
48.009998 
39.099998 
42.150002 
41.070000 
59.660000 
56.549999 
63.270000 
51.070000 
34.599998 
60.259998 
58.869999 
62.939999 
66.150002 
63.099998 
48.180000 
58.970001 
73.470001 
67.040001 
74.629997 
69.959999 
67.790001 
73.209999 
72.070000 
75.239998 
71.040001 
64.500000 
63.299999 
68.610001 
69.089996 
68.379997 
62.619999 
78.300003 
69.330002 
78.019997 
75.440002 
81.860001 
75.580002 
73.349998 
75.349998 
69.279999 
72.589996 
77.930000 
77.430000 
76.470001 
76.930000 
79.690002 
72.110001 
77.349998 
77.970001 
78.099998 
80.959999 
79.930000 
71.620003 
80.730003 
75.080002 
73.300003 
78.889999 
74.889999 
85.449997 
84.489998 
83.680000 
81.529999 
85.930000 
81.480003 
80.449997 
83.690002 
79.790001 
80.470001 
71.669998 
74.330002 
84.989998 
83.050003 
84.279999 
82.059998 
85.339996 
84.760002 
82.459999 
85.650002 
83.160004 
84.360001 
82.919998 
82.029999 
84.709999 
85.070000 
83.279999 
87.180000 
82.379997 
84.169998 
81.720001 
86.400002 
87.320000 
82.570000 
85.459999 
87.230003 
87.000000 
85.470001 
80.669998 
82.019997 
79.500000 
82.050003 
85.550003 
83.000000 
84.339996 
87.230003 
84.889999 
86.589996 
87.690002 
75.209999 
84.550003 
85.900002 
87.519997 
88.500000 
88.500000 
87.169998 
87.839996 
86.470001 
85.430000 
83.150002 
80.959999 
88.589996 
86.660004 
87.400002 
83.940002 
86.650002 
87.120003 
88.040001 
85.980003 
88.330002 
86.150002 
88.040001 
83.339996 
86.360001 
81.410004 
82.980003 
86.989998 
81.150002 
87.949997 
82.080002 
89.180000 
87.910004 
87.220001 
87.830002 
89.610001 
89.110001 
88.209999 
88.650002 
88.589996 
85.480003 
89.870003 
86.309998 
90.320000 
88.320000 
82.110001 
88.580002 
87.980003 
90.209999 
87.570000 
88.250000 
82.699997 
87.150002 
85.139999 
88.470001 
84.620003 
86.230003 
90.099998 
89.860001 
88.449997 
87.860001 
91.059998 
90.230003 
89.290001 
90.330002 
87.440002 
86.250000 
88.169998 
88.989998 
90.309998 
90.809998 
87.849998 
87.070000 
89.139999 
90.339996 
91.260002 
89.720001 
88.839996 
89.690002 
90.169998 
88.360001 
86.029999 
90.760002 
89.870003 
90.300003 
88.250000 
91.870003 
90.680000 
90.650002 
90.750000 
87.330002 
90.089996 
91.139999 
87.029999 
89.050003 
91.180000 
86.919998 
89.209999 
88.540001 
91.110001 
91.260002 
90.209999 
88.669998 
91.169998 
88.870003 
88.800003 
88.849998 
90.459999 
90.199997 
90.489998 
79.529999 
87.900002 
91.470001 
91.589996 
86.669998 
90.529999 
92.250000 
91.309998 
87.470001 
91.029999 
91.730003 
91.489998 
91.779999 
91.620003 
91.879997 
91.510002 
91.120003 
91.849998 
87.550003 
88.629997 
89.239998 
90.230003 
91.379997 
90.919998 
91.230003 
87.870003 
87.230003 
88.760002 
89.459999 
90.849998 
90.589996 
90.559998 
90.599998 
89.769997 
89.269997 
90.589996 
91.919998 
91.099998 
91.930000 
91.870003 
90.360001 
91.900002 
90.919998 
91.470001 
91.739998 
90.239998 
92.330002 
89.370003 
91.209999 
91.430000 
92.430000 
91.550003 
89.230003 
90.620003 
88.150002 
90.349998 
92.669998 
91.970001 
90.050003 
88.790001 
91.830002 
89.430000 
88.209999 
92.300003 
89.790001 
91.470001 
92.440002 
92.379997 
92.800003 
92.860001 
92.330002 
91.389999 
90.910004 
92.650002 
92.779999 
93.199997 
91.919998 
90.330002 
90.739998 
89.300003 
91.019997 
92.379997 
93.000000 
91.680000 
89.790001 
93.029999 
91.510002 
92.559998 
88.940002 
91.410004 
89.529999 
88.050003 
91.949997 
92.330002 
93.370003 
91.550003 
91.360001 
91.169998 
92.360001 
90.480003 
92.419998 
90.989998 
93.110001 
91.529999 
85.000000 
87.540001 
91.550003 
92.320000 
92.250000 
93.449997 
91.320000 
92.750000 
93.290001 
89.930000 
92.330002 
92.800003 
93.160004 
92.680000 
92.709999 
93.500000 
92.839996 
92.339996 
93.650002 
93.510002 
92.870003 
93.010002 
93.150002 
93.150002 
92.870003 
91.690002 
93.110001 
93.220001 
93.360001 
91.919998 
91.540001 
92.150002 
92.959999 
93.230003 
93.720001 
92.970001 
92.699997 
92.330002 
91.480003 
91.470001 
91.800003 
91.639999 
93.809998 
93.449997 
93.309998 
93.379997 
93.129997 
92.599998 
92.550003 
93.580002 
92.400002 
93.500000 
92.879997 
91.290001 
92.470001 
91.419998 
91.769997 
91.910004 
93.169998 
92.820000 
92.110001 
90.639999 
91.309998 
93.250000 
92.300003 
93.529999 
93.040001 
92.360001 
90.190002 
90.839996 
93.860001 
90.110001 
92.550003 
93.290001 
93.580002 
93.160004 
93.169998 
93.330002 
94.720001 
92.529999 
91.550003 
93.230003 
92.400002 
92.739998 
92.050003 
93.339996 
92.879997 
93.709999 
92.790001 
92.239998 
93.440002 
91.900002 
93.760002 
93.410004 
94.459999 
93.779999 
92.010002 
92.820000 
93.680000 
93.900002 
93.900002 
93.919998 
93.839996 
91.930000 
92.709999 
93.680000 
93.040001 
93.209999 
93.459999 
93.360001 
93.680000 
93.400002 
94.550003 
93.150002 
93.260002 
92.879997 
94.190002 
92.980003 
94.370003 
92.449997 
93.980003 
93.620003 
92.169998 
94.160004 
93.190002 
93.440002 
94.070000 
93.070000 
92.220001 
93.410004 
94.209999 
92.790001 
94.370003 
93.760002 
92.629997 
94.089996 
93.940002 
94.250000 
93.389999 
94.010002 
92.230003 
93.720001 
92.050003 
94.169998 
92.050003 
91.910004 
93.900002 
93.809998 
93.730003 
92.389999 
93.860001 
94.639999 
94.180000 
93.160004 
93.849998 
93.500000 
93.230003 
92.760002 
94.040001 
93.389999 
93.730003 
93.540001 
94.400002 
93.400002 
92.279999 
92.980003 
93.190002 
94.330002 
93.879997 
93.529999 
93.019997 
93.419998 
94.089996 
94.209999 
94.220001 
94.519997 
94.820000 
93.989998 
94.269997 
93.029999 
94.900002 
92.169998 
94.300003 
94.790001 
94.620003 
94.599998 
93.320000 
92.680000 
94.080002 
94.989998 
94.019997 
94.739998 
94.389999 
93.809998 
93.230003 
92.830002 
93.910004 
93.389999 
94.559998 
94.370003 
92.370003 
93.839996 
92.529999 
94.459999 
92.190002 
94.070000 
92.860001 
93.669998 
94.730003 
94.410004 
94.470001 
94.080002 
93.879997 
94.110001 
95.059998 
94.690002 
94.290001 
94.879997 
93.910004 
94.599998 
94.190002 
94.489998 
94.870003 
94.760002 
95.099998 
93.750000 
91.379997 
93.989998 
95.019997 
94.809998 
93.070000 
95.059998 
94.279999 
94.750000 
94.570000 
94.839996 
94.070000 
93.900002 
95.150002 
91.809998 
93.940002 
95.260002 
95.059998 
92.989998 
94.940002 
94.550003 
94.589996 
95.360001 
94.639999 
94.820000 
93.540001 
93.379997 
94.910004 
94.480003 
94.849998 
95.260002 
93.209999 
95.120003 
94.139999 
94.709999 
94.760002 
95.199997 
93.440002 
94.790001 
94.650002 
93.709999 
93.739998 
93.639999 
94.480003 
93.930000 
95.500000 
95.290001 
94.970001 
94.440002 
93.820000 
94.900002 
94.580002 
93.949997 
93.760002 
93.989998 
94.889999 
95.349998 
94.430000 
93.889999 
94.309998 
93.279999 
95.129997 
94.620003 
94.570000 
95.260002 
94.260002 
95.510002 
95.120003 
95.480003 
95.309998 
95.089996 
94.199997 
95.070000 
94.239998 
94.339996 
94.599998 
94.720001 
95.330002 
95.169998 
95.410004 
95.139999 
95.629997 
95.750000 
94.820000 
95.180000 
95.290001 
93.839996 
94.910004 
95.620003 
95.239998 
94.620003 
93.519997 
93.820000 
94.959999 
94.209999 
95.379997 
94.500000 
93.650002 
94.809998 
93.510002 
93.709999 
94.300003 
95.019997 
94.599998 
93.989998 
94.169998 
95.040001 
93.930000 
95.599998 
95.430000 
95.389999 
94.720001 
95.169998 
94.570000 
95.059998 
94.650002 
95.000000 
94.620003 
95.529999 
94.300003 
94.610001 
94.959999 
94.849998 
95.080002 
94.529999 
94.389999 
94.860001 
94.919998 
95.540001 
95.610001 
95.190002 
94.849998 
93.430000 
95.129997 
94.160004 
94.639999 
95.410004 
95.279999 
94.860001 
95.459999 
94.480003 
94.860001 
94.199997 
94.930000 
95.190002 
95.330002 
94.860001 
95.309998 
95.540001 
95.250000 
95.320000 
93.250000 
95.519997 
95.300003 
95.190002 
95.449997 
95.660004 
95.550003 
95.029999 
93.570000 
94.180000 
95.269997 
95.720001 
95.440002 
95.190002 
95.480003 
94.839996 
95.250000 
95.050003 
95.169998 
95.089996 
94.370003 
95.410004 
95.010002 
94.599998 
92.680000 
93.160004 
95.769997 
95.150002 
95.680000 
95.540001 
95.129997 
95.720001 
95.470001 
95.260002 
95.129997 
95.650002 
93.610001 
95.379997 
95.370003 
95.290001 
95.040001 
95.970001 
95.940002 
94.919998 
95.570000 
95.099998 
95.639999 
95.690002 
94.900002 
94.089996 
94.589996 
92.550003 
95.480003 
95.959999 
95.660004 
95.309998 
95.540001 
94.279999 
95.360001 
95.930000 
95.620003 
95.190002 
95.129997 
95.839996 
95.839996 
93.949997 
94.519997 
95.059998 
94.059998 
95.400002 
94.989998 
95.580002 
95.489998 
95.449997 
95.900002 
95.610001 
96.010002 
95.300003 
95.480003 
94.889999 
95.239998 
94.279999 
94.760002 
95.849998 
95.860001 
95.629997 
95.599998 
95.690002 
95.690002 
95.110001 
95.449997 
95.029999 
95.669998 
95.000000 
95.139999 
94.889999 
95.510002 
95.239998 
96.000000 
95.849998 
96.309998 
96.260002 
95.660004 
94.809998 
94.889999 
95.040001 
95.870003 
95.629997 
95.739998 
95.879997 
96.000000 
95.040001 
92.910004 
94.199997 
96.000000 
95.660004 
95.309998 
96.220001 
95.510002 
94.980003 
95.370003 
95.730003 
95.580002 
95.000000 
95.320000 
95.889999 
96.010002 
95.010002 
95.040001 
95.070000 
95.110001 
95.559998 
94.690002 
95.230003 
95.949997 
95.660004 
96.180000 
95.010002 
95.459999 
94.779999 
94.779999 
96.099998 
95.650002 
93.800003 
96.120003 
95.779999 
96.309998 
96.059998 
95.489998 
96.019997 
95.519997 
95.690002 
95.339996 
95.589996 
95.099998 
95.639999 
96.160004 
96.169998 
95.760002 
95.489998 
94.660004 
96.199997 
96.230003 
96.050003 
96.040001 
95.599998 
96.010002 
95.339996 
94.320000 
92.580002 
95.120003 
96.089996 
92.820000 
95.330002 
95.419998 
95.699997 
96.070000 
95.239998 
96.129997 
96.300003 
96.330002 
96.459999 
95.110001 
95.699997 
95.040001 
94.709999 
95.430000 
96.260002 
96.199997 
95.949997 
95.610001 
94.769997 
95.720001 
95.360001 
95.660004 
96.279999 
95.970001 
93.610001 
95.690002 
94.910004 
96.150002 
95.739998 
96.099998 
95.480003 
96.290001 
95.720001 
95.919998 
96.300003 
95.180000 
96.269997 
96.250000 
96.120003 
95.620003 
95.769997 
96.209999 
96.019997 
96.160004 
94.949997 
95.660004 
96.419998 
95.449997 
95.739998 
95.320000 
96.120003 
95.599998 
94.930000 
92.029999 
96.000000 
95.900002 
95.269997 
96.099998 
96.139999 
95.669998 
96.120003 
96.650002 
96.059998 
95.629997 
95.959999 
95.480003 
96.660004 
95.769997 
96.260002 
95.870003 
95.779999 
96.180000 
96.410004 
96.269997 
95.589996 
96.169998 
96.010002 
96.019997 
96.470001 
95.550003 
95.820000 
96.589996 
96.099998 
96.169998 
96.080002 
96.110001 
95.400002 
95.849998 
95.440002 
95.620003 
95.589996 
95.779999 
95.419998 
96.089996 
96.510002 
96.500000 
96.489998 
96.370003 
96.459999 
96.669998 
96.080002 
95.820000 
95.430000 
95.970001 
94.720001 
95.680000 
96.199997 
96.680000 
96.589996 
