24.719999 
39.500000 
61.490002 
59.029999 
69.669998 
70.529999 
68.230003 
71.449997 
84.279999 
84.110001 
85.699997 
73.320000 
91.160004 
92.339996 
84.690002 
66.050003 
90.510002 
92.919998 
91.610001 
92.559998 
94.449997 
91.629997 
93.809998 
94.300003 
91.389999 
87.370003 
92.919998 
94.000000 
93.330002 
94.180000 
92.519997 
93.610001 
91.370003 
91.830002 
94.010002 
95.860001 
96.089996 
95.730003 
92.550003 
96.849998 
91.489998 
93.959999 
95.470001 
93.599998 
92.970001 
93.180000 
93.949997 
94.690002 
96.680000 
96.639999 
96.459999 
95.989998 
96.300003 
95.889999 
96.220001 
96.750000 
97.059998 
95.160004 
96.940002 
95.699997 
96.559998 
95.889999 
96.339996 
93.180000 
95.320000 
97.120003 
97.370003 
97.690002 
95.400002 
96.279999 
95.230003 
95.209999 
94.089996 
97.279999 
96.279999 
94.820000 
96.529999 
96.230003 
96.040001 
96.059998 
97.769997 
97.849998 
97.430000 
97.300003 
95.959999 
93.220001 
96.900002 
97.120003 
97.209999 
97.540001 
97.870003 
96.980003 
97.410004 
97.519997 
96.690002 
97.459999 
96.669998 
97.839996 
97.580002 
97.809998 
98.180000 
97.570000 
97.089996 
97.830002 
94.449997 
97.489998 
97.599998 
97.500000 
98.059998 
97.599998 
97.620003 
97.610001 
97.449997 
97.620003 
97.690002 
97.709999 
97.279999 
97.680000 
97.639999 
97.680000 
97.279999 
97.870003 
98.000000 
97.639999 
97.070000 
97.900002 
97.989998 
98.120003 
96.790001 
97.279999 
96.809998 
97.720001 
98.309998 
98.120003 
98.099998 
97.400002 
97.980003 
97.820000 
97.949997 
97.260002 
95.639999 
97.839996 
97.940002 
97.919998 
97.949997 
97.150002 
96.889999 
97.389999 
97.010002 
98.290001 
98.089996 
98.239998 
97.860001 
97.739998 
97.580002 
97.750000 
97.699997 
96.709999 
97.910004 
97.500000 
97.290001 
97.760002 
98.260002 
98.230003 
97.779999 
97.900002 
97.989998 
97.389999 
97.889999 
98.089996 
98.089996 
97.669998 
98.269997 
97.959999 
97.519997 
97.820000 
98.089996 
98.379997 
98.010002 
97.910004 
97.889999 
97.040001 
98.250000 
97.910004 
98.129997 
98.250000 
97.910004 
97.750000 
97.690002 
98.339996 
97.110001 
98.150002 
98.150002 
98.260002 
98.190002 
98.519997 
98.010002 
97.980003 
97.760002 
98.349998 
98.110001 
97.900002 
98.330002 
97.750000 
97.849998 
98.110001 
98.400002 
98.019997 
97.389999 
98.269997 
97.510002 
97.699997 
98.120003 
97.970001 
97.760002 
97.150002 
97.879997 
98.370003 
98.379997 
97.889999 
98.129997 
97.629997 
98.120003 
97.570000 
98.349998 
98.050003 
97.910004 
98.419998 
98.300003 
98.300003 
98.180000 
98.449997 
98.309998 
98.150002 
98.470001 
98.330002 
98.089996 
97.769997 
97.709999 
98.360001 
98.330002 
98.220001 
98.099998 
98.349998 
98.199997 
98.360001 
98.489998 
98.360001 
98.209999 
98.239998 
98.519997 
98.470001 
98.160004 
97.760002 
98.330002 
98.589996 
98.629997 
98.559998 
98.430000 
98.290001 
98.419998 
98.379997 
98.580002 
98.419998 
98.540001 
97.680000 
98.250000 
98.510002 
98.610001 
98.400002 
98.230003 
98.330002 
98.459999 
98.349998 
98.559998 
97.970001 
97.989998 
98.440002 
98.029999 
98.320000 
97.269997 
97.690002 
98.519997 
98.379997 
97.989998 
97.690002 
98.470001 
98.459999 
98.379997 
98.290001 
98.330002 
98.480003 
98.400002 
98.070000 
98.250000 
98.360001 
98.519997 
98.680000 
98.529999 
98.599998 
98.120003 
98.250000 
98.209999 
98.180000 
98.089996 
97.830002 
97.849998 
98.010002 
98.379997 
98.389999 
98.199997 
98.000000 
98.370003 
98.169998 
98.360001 
98.209999 
98.529999 
98.290001 
97.650002 
98.440002 
98.260002 
98.610001 
98.570000 
98.599998 
98.110001 
98.309998 
98.330002 
98.410004 
98.599998 
98.589996 
98.410004 
98.389999 
98.360001 
98.599998 
97.809998 
98.529999 
98.489998 
98.570000 
98.279999 
98.180000 
98.510002 
98.480003 
98.489998 
98.419998 
98.290001 
98.550003 
98.519997 
98.510002 
98.570000 
98.400002 
98.349998 
98.300003 
98.449997 
98.440002 
97.879997 
97.570000 
97.400002 
98.230003 
98.389999 
98.440002 
98.000000 
97.040001 
97.620003 
96.839996 
98.199997 
98.279999 
98.470001 
98.209999 
98.309998 
98.800003 
98.480003 
98.669998 
98.720001 
98.620003 
98.449997 
98.510002 
98.570000 
98.690002 
98.349998 
98.510002 
98.559998 
98.500000 
98.379997 
98.699997 
98.019997 
98.199997 
98.459999 
98.230003 
98.160004 
98.139999 
97.910004 
97.790001 
97.720001 
98.120003 
98.089996 
98.690002 
98.629997 
98.389999 
98.050003 
98.300003 
97.739998 
98.559998 
98.370003 
98.779999 
98.169998 
97.949997 
98.230003 
98.309998 
98.629997 
98.470001 
98.570000 
98.519997 
98.089996 
98.410004 
98.830002 
98.370003 
98.680000 
98.750000 
98.279999 
98.169998 
98.669998 
98.410004 
98.410004 
98.739998 
98.510002 
98.279999 
98.820000 
97.449997 
98.139999 
98.690002 
98.690002 
98.379997 
98.800003 
98.540001 
98.709999 
98.440002 
98.500000 
98.379997 
98.440002 
98.470001 
98.379997 
98.739998 
97.879997 
98.169998 
98.720001 
98.860001 
98.500000 
98.529999 
98.779999 
98.400002 
98.379997 
98.480003 
98.790001 
98.610001 
96.099998 
98.570000 
98.739998 
98.820000 
98.699997 
98.559998 
98.650002 
98.620003 
98.120003 
98.070000 
98.760002 
98.419998 
98.699997 
98.199997 
98.300003 
98.610001 
98.040001 
98.570000 
98.760002 
98.610001 
98.099998 
98.599998 
98.610001 
98.550003 
98.699997 
98.550003 
98.199997 
98.580002 
98.419998 
98.519997 
98.669998 
98.800003 
98.389999 
98.559998 
98.260002 
98.599998 
98.800003 
98.370003 
98.529999 
98.580002 
98.680000 
98.599998 
98.940002 
98.790001 
98.669998 
98.639999 
98.849998 
98.269997 
98.269997 
97.650002 
98.419998 
98.870003 
98.779999 
98.629997 
98.470001 
98.709999 
98.489998 
98.559998 
98.410004 
98.309998 
98.199997 
98.970001 
98.849998 
98.889999 
98.669998 
98.980003 
98.669998 
98.699997 
98.599998 
98.779999 
98.639999 
98.870003 
98.870003 
98.480003 
98.739998 
98.769997 
98.610001 
98.730003 
98.900002 
98.440002 
98.639999 
98.750000 
98.769997 
98.930000 
98.680000 
98.699997 
98.570000 
98.800003 
98.769997 
98.870003 
98.900002 
97.699997 
98.500000 
98.690002 
98.760002 
98.610001 
98.900002 
98.870003 
98.540001 
98.910004 
98.519997 
98.309998 
98.440002 
98.839996 
98.230003 
98.440002 
98.330002 
97.849998 
98.010002 
98.830002 
98.650002 
98.849998 
98.629997 
98.489998 
98.709999 
98.709999 
98.940002 
98.889999 
98.680000 
98.930000 
98.529999 
97.709999 
98.209999 
98.820000 
98.860001 
98.489998 
98.279999 
98.720001 
98.599998 
98.699997 
98.480003 
98.690002 
98.889999 
98.370003 
98.669998 
98.570000 
98.570000 
98.730003 
98.519997 
98.540001 
98.739998 
98.510002 
98.519997 
98.690002 
98.500000 
98.629997 
98.620003 
98.639999 
98.360001 
98.559998 
98.360001 
98.650002 
98.930000 
98.680000 
98.540001 
98.639999 
98.739998 
98.610001 
98.930000 
98.620003 
98.370003 
98.690002 
98.769997 
98.309998 
98.489998 
98.910004 
98.919998 
98.660004 
98.709999 
99.070000 
98.650002 
98.800003 
98.820000 
98.820000 
98.809998 
99.010002 
98.919998 
98.889999 
98.709999 
98.379997 
98.639999 
98.809998 
98.580002 
97.900002 
98.760002 
98.849998 
98.709999 
98.879997 
98.820000 
98.779999 
98.820000 
98.930000 
98.820000 
98.660004 
98.720001 
98.800003 
98.529999 
98.000000 
98.690002 
98.339996 
98.919998 
98.790001 
98.620003 
98.879997 
98.910004 
98.800003 
98.529999 
98.910004 
98.860001 
98.779999 
98.660004 
98.760002 
98.900002 
98.690002 
98.540001 
98.709999 
98.690002 
98.489998 
98.949997 
98.889999 
98.610001 
98.870003 
98.849998 
98.879997 
98.809998 
98.820000 
98.900002 
98.320000 
98.510002 
98.540001 
98.720001 
98.849998 
98.800003 
98.440002 
98.860001 
98.809998 
98.440002 
98.610001 
98.709999 
98.589996 
98.599998 
98.709999 
98.559998 
98.290001 
98.250000 
98.279999 
98.440002 
98.720001 
98.839996 
98.809998 
98.860001 
98.660004 
98.930000 
98.930000 
98.930000 
98.620003 
98.639999 
98.000000 
99.040001 
98.930000 
99.110001 
98.720001 
98.739998 
98.760002 
98.620003 
98.739998 
98.940002 
98.730003 
98.739998 
98.180000 
98.580002 
98.870003 
98.610001 
98.360001 
98.660004 
98.809998 
98.760002 
98.800003 
99.029999 
98.500000 
98.870003 
98.970001 
99.010002 
98.980003 
98.870003 
98.800003 
98.930000 
98.940002 
98.720001 
98.339996 
98.570000 
98.949997 
98.580002 
98.930000 
98.809998 
98.730003 
98.760002 
98.760002 
98.620003 
98.849998 
98.730003 
98.400002 
98.629997 
98.599998 
98.860001 
98.769997 
98.669998 
99.050003 
98.900002 
98.860001 
98.550003 
98.910004 
98.839996 
98.980003 
98.949997 
98.849998 
98.690002 
98.309998 
98.830002 
98.889999 
98.400002 
98.209999 
98.750000 
98.449997 
98.699997 
98.930000 
98.239998 
99.029999 
99.019997 
98.930000 
97.750000 
97.550003 
98.699997 
98.709999 
98.910004 
98.769997 
98.330002 
98.879997 
98.760002 
98.540001 
98.919998 
98.760002 
98.739998 
98.879997 
98.970001 
98.769997 
98.980003 
98.900002 
98.599998 
98.250000 
98.589996 
98.639999 
98.570000 
98.870003 
98.949997 
98.949997 
98.809998 
98.870003 
98.360001 
99.000000 
98.959999 
99.080002 
98.980003 
98.660004 
98.970001 
98.839996 
98.940002 
98.709999 
98.930000 
99.120003 
98.750000 
98.529999 
98.180000 
98.440002 
98.839996 
98.190002 
98.699997 
98.239998 
99.080002 
98.720001 
98.709999 
98.510002 
98.940002 
98.570000 
98.570000 
98.120003 
98.629997 
98.500000 
98.790001 
98.589996 
98.839996 
98.930000 
98.930000 
99.080002 
99.010002 
98.800003 
98.900002 
99.120003 
98.910004 
98.919998 
98.519997 
98.639999 
98.980003 
98.830002 
98.800003 
98.970001 
98.910004 
99.089996 
98.959999 
99.139999 
99.120003 
99.029999 
98.699997 
98.760002 
98.739998 
98.949997 
98.779999 
99.070000 
98.940002 
98.739998 
98.970001 
98.750000 
98.339996 
98.820000 
99.010002 
98.919998 
98.860001 
98.769997 
98.989998 
98.820000 
98.220001 
99.040001 
98.830002 
98.889999 
98.650002 
98.779999 
98.930000 
98.830002 
98.430000 
98.660004 
98.879997 
98.750000 
98.879997 
98.809998 
99.010002 
98.900002 
98.769997 
98.919998 
98.300003 
98.449997 
98.620003 
98.739998 
98.919998 
98.470001 
98.809998 
98.430000 
98.809998 
98.699997 
98.919998 
99.059998 
98.980003 
99.070000 
98.879997 
98.910004 
98.660004 
98.839996 
98.779999 
98.860001 
98.690002 
99.019997 
98.930000 
98.629997 
98.629997 
98.599998 
98.629997 
98.839996 
98.910004 
99.040001 
98.739998 
98.959999 
98.820000 
98.620003 
98.839996 
98.730003 
98.949997 
98.879997 
98.970001 
99.019997 
98.919998 
98.870003 
99.010002 
99.029999 
98.500000 
98.779999 
98.779999 
98.839996 
98.809998 
98.900002 
98.870003 
98.860001 
98.860001 
98.599998 
98.860001 
98.839996 
98.529999 
98.699997 
98.930000 
98.919998 
98.599998 
98.839996 
99.029999 
98.730003 
98.790001 
98.489998 
98.519997 
98.970001 
98.720001 
98.709999 
98.639999 
98.769997 
98.879997 
98.760002 
98.900002 
98.949997 
98.410004 
98.480003 
98.300003 
98.959999 
98.820000 
98.949997 
98.870003 
99.029999 
99.000000 
98.690002 
98.970001 
98.760002 
98.919998 
98.889999 
98.879997 
99.019997 
99.019997 
98.769997 
98.989998 
99.150002 
99.070000 
98.970001 
