10.62
10.16
12.64
10.41
28.78
40.88
30.02
35.55
49.2
43.13
50.26
62.98
49.38
54.52
38.4
72.97
54.6
60.71
70.01
73.36
72.1
70.05
61.11
62.42
69.23
68.94
72.53
76.17
76.65
76.28
74.43
79.92
64.93
79.27
77.47
78.8
71.54
78.38
81.37
75.96
70.93
59.84
83.78
81.56
82.98
75.58
80.56
75.02
78.49
81.13
73.56
81.71
82.53
74.62
80.5
84.53
73.64
75.35
79.99
70.49
85.84
78.38
86.91
77.01
81.25
79.12
80.43
78.54
80.14
77.15
78.64
78.79
84.37
73.45
84.25
79.87
82.25
85.19
84.04
81.31
84.44
81.3
76.02
80.55
86.74
85.88
86.99
86.9
78.84
78.65
83.48
84.01
89.13
81.66
84.51
84.37
89.3
84.59
88.14
78.01
86.41
82.39
81.85
89.87
88.82
86.5
89.67
86.69
80.09
78.24
84.41
91.22
88.05
86.83
87.11
89.26
88.82
85.45
83.21
88.14
87.31
84.7
87.86
89.92
84.46
80.44
86.9
90.08
88.06
88.99
87.63
90.39
87.89
90.4
87.33
89.72
89.83
84.97
87.67
84.93
86.48
87.51
87.62
86.65
88.02
91.05
86.17
85.66
86.48
91.27
90.58
85.18
88.37
85.49
85.69
91.12
90.53
82.75
88.36
87.67
88.71
89.09
93.03
87.19
84.6
89.74
90.77
88.22
83.49
88.46
83.79
81.22
82.52
81.7
91.99
86.17
91.1
90.8
89.07
90.78
92.67
91.51
87.57
92.34
89.29
90.52
89.5
90.74
90.26
92.22
91.95
85.95
87.49
74.49
87.31
89.22
90.36
91.79
92.16
89.56
