9.580000 
19.180000 
48.220001 
54.299999 
53.049999 
59.080002 
52.119999 
62.779999 
71.309998 
69.220001 
77.540001 
69.820000 
80.559998 
83.629997 
77.589996 
80.410004 
77.879997 
79.669998 
71.269997 
79.610001 
87.989998 
84.510002 
81.379997 
75.050003 
90.379997 
88.230003 
88.629997 
84.849998 
84.879997 
87.639999 
91.059998 
91.480003 
83.419998 
78.690002 
86.199997 
81.580002 
87.480003 
88.180000 
86.949997 
92.989998 
89.059998 
91.750000 
91.379997 
89.489998 
89.250000 
85.019997 
85.199997 
84.629997 
88.720001 
92.370003 
91.050003 
90.099998 
94.050003 
93.419998 
91.550003 
94.320000 
89.430000 
94.209999 
93.190002 
93.260002 
93.940002 
93.019997 
91.570000 
89.849998 
84.650002 
93.370003 
91.699997 
93.510002 
92.910004 
93.519997 
94.440002 
95.120003 
94.220001 
93.889999 
91.980003 
94.379997 
94.870003 
93.550003 
85.480003 
92.779999 
92.000000 
92.510002 
90.699997 
91.919998 
92.699997 
95.129997 
93.580002 
93.449997 
94.150002 
90.480003 
93.260002 
95.199997 
92.959999 
93.110001 
94.139999 
88.900002 
92.150002 
94.540001 
93.760002 
93.150002 
85.410004 
93.540001 
92.370003 
95.099998 
93.639999 
94.849998 
95.650002 
95.980003 
95.570000 
94.470001 
93.089996 
94.970001 
94.029999 
95.150002 
93.959999 
93.150002 
95.290001 
95.370003 
95.510002 
95.459999 
94.349998 
95.190002 
96.269997 
91.769997 
87.070000 
90.330002 
94.370003 
94.980003 
95.910004 
88.730003 
95.150002 
95.419998 
93.410004 
89.739998 
94.010002 
91.860001 
90.830002 
95.529999 
94.419998 
89.629997 
94.870003 
93.809998 
95.300003 
94.589996 
95.790001 
91.629997 
95.860001 
94.699997 
94.839996 
95.080002 
85.169998 
96.209999 
96.330002 
95.339996 
96.129997 
92.250000 
95.220001 
95.779999 
95.610001 
93.959999 
95.510002 
95.589996 
95.440002 
94.290001 
94.320000 
96.440002 
94.830002 
96.550003 
95.160004 
96.300003 
96.379997 
96.250000 
96.279999 
94.510002 
95.690002 
96.430000 
96.669998 
96.000000 
96.519997 
94.680000 
96.529999 
94.480003 
95.870003 
95.320000 
96.680000 
96.739998 
95.889999 
95.330002 
96.300003 
96.680000 
95.919998 
96.769997 
96.790001 
96.629997 
96.370003 
95.400002 
95.519997 
96.489998 
95.980003 
95.199997 
95.820000 
97.089996 
96.919998 
95.339996 
96.430000 
95.849998 
96.570000 
97.050003 
96.320000 
96.760002 
96.680000 
95.559998 
94.970001 
96.900002 
96.849998 
96.169998 
96.089996 
96.489998 
95.800003 
95.730003 
97.070000 
96.760002 
96.790001 
96.519997 
96.230003 
95.220001 
97.160004 
96.790001 
96.760002 
96.529999 
95.860001 
96.489998 
96.639999 
96.129997 
95.730003 
95.379997 
97.220001 
96.120003 
93.779999 
96.669998 
97.139999 
96.680000 
96.739998 
97.290001 
96.260002 
96.839996 
97.309998 
96.519997 
96.750000 
94.900002 
97.459999 
97.349998 
96.349998 
96.910004 
97.279999 
97.080002 
97.050003 
96.449997 
97.820000 
97.290001 
97.239998 
97.570000 
97.599998 
97.029999 
96.860001 
96.559998 
96.959999 
97.080002 
96.790001 
97.669998 
97.440002 
97.300003 
97.500000 
96.680000 
95.650002 
96.480003 
97.260002 
96.199997 
96.519997 
96.830002 
97.089996 
97.489998 
96.540001 
96.720001 
97.269997 
97.379997 
97.290001 
96.820000 
97.459999 
96.820000 
96.790001 
95.500000 
96.690002 
96.660004 
97.300003 
97.180000 
97.690002 
97.610001 
97.639999 
97.419998 
97.260002 
97.379997 
97.330002 
96.879997 
96.809998 
97.800003 
97.779999 
97.150002 
97.629997 
96.910004 
97.690002 
97.470001 
97.269997 
97.010002 
97.480003 
96.260002 
97.690002 
97.629997 
96.959999 
96.620003 
97.360001 
97.699997 
96.639999 
96.830002 
95.879997 
96.980003 
96.059998 
97.320000 
97.519997 
97.769997 
97.480003 
97.480003 
97.809998 
96.739998 
96.989998 
96.339996 
97.160004 
97.269997 
97.400002 
96.930000 
96.650002 
96.900002 
96.769997 
97.260002 
97.820000 
97.570000 
98.050003 
97.400002 
97.349998 
96.940002 
97.360001 
96.610001 
97.150002 
96.370003 
97.739998 
97.370003 
96.989998 
97.190002 
95.570000 
96.790001 
97.040001 
96.180000 
96.709999 
96.870003 
97.529999 
96.720001 
97.489998 
97.260002 
97.949997 
97.919998 
97.470001 
97.989998 
97.160004 
96.800003 
97.580002 
97.209999 
97.370003 
96.860001 
97.519997 
96.849998 
97.639999 
97.860001 
97.519997 
97.250000 
97.620003 
97.599998 
97.400002 
97.680000 
97.709999 
97.410004 
96.830002 
95.889999 
97.550003 
98.070000 
96.779999 
97.389999 
96.940002 
96.419998 
95.860001 
96.989998 
97.980003 
97.199997 
97.239998 
96.669998 
96.730003 
97.690002 
96.769997 
97.699997 
97.830002 
97.769997 
97.220001 
96.980003 
95.660004 
96.930000 
97.750000 
97.000000 
97.099998 
96.680000 
96.139999 
95.889999 
96.879997 
95.709999 
96.480003 
97.720001 
95.199997 
97.739998 
97.849998 
97.750000 
96.660004 
98.010002 
97.830002 
97.379997 
98.169998 
98.099998 
97.989998 
97.820000 
96.879997 
97.430000 
97.910004 
97.470001 
97.980003 
97.519997 
98.160004 
98.110001 
98.050003 
97.699997 
97.800003 
97.709999 
97.489998 
96.769997 
97.870003 
97.169998 
97.849998 
98.019997 
97.669998 
98.269997 
97.970001 
98.110001 
98.029999 
97.209999 
97.900002 
98.139999 
97.489998 
97.419998 
97.360001 
98.120003 
97.970001 
97.570000 
97.360001 
98.029999 
97.580002 
98.169998 
98.019997 
97.830002 
98.040001 
98.050003 
98.169998 
97.989998 
97.849998 
97.860001 
97.430000 
97.980003 
97.940002 
97.620003 
98.029999 
98.000000 
97.260002 
98.019997 
97.169998 
97.919998 
97.739998 
98.010002 
97.620003 
97.330002 
96.500000 
96.779999 
97.769997 
97.150002 
97.930000 
97.769997 
97.830002 
97.750000 
97.989998 
97.889999 
97.580002 
97.730003 
97.709999 
97.430000 
97.809998 
96.199997 
96.459999 
97.919998 
97.529999 
97.860001 
98.300003 
98.019997 
97.959999 
97.790001 
97.690002 
98.190002 
98.220001 
98.250000 
98.239998 
98.150002 
98.129997 
97.400002 
97.309998 
98.110001 
98.050003 
97.989998 
97.629997 
97.779999 
97.750000 
98.300003 
98.290001 
98.070000 
98.400002 
98.239998 
98.389999 
98.379997 
97.940002 
97.970001 
97.379997 
98.250000 
97.550003 
97.010002 
97.300003 
97.959999 
97.830002 
97.989998 
98.080002 
97.500000 
98.110001 
98.070000 
97.980003 
97.790001 
98.019997 
98.110001 
98.279999 
98.239998 
98.209999 
97.889999 
98.400002 
97.970001 
98.139999 
98.080002 
97.849998 
97.949997 
98.279999 
97.449997 
98.089996 
97.830002 
98.040001 
97.559998 
98.000000 
97.589996 
96.419998 
98.330002 
98.500000 
98.470001 
98.029999 
98.120003 
97.320000 
97.629997 
98.209999 
97.779999 
97.709999 
98.139999 
98.349998 
97.400002 
98.190002 
98.110001 
98.059998 
98.370003 
97.010002 
97.940002 
97.989998 
98.209999 
98.300003 
97.849998 
98.309998 
98.389999 
98.349998 
98.010002 
98.449997 
97.459999 
97.400002 
97.739998 
98.419998 
98.370003 
98.209999 
97.940002 
98.199997 
97.970001 
97.959999 
97.820000 
97.599998 
97.639999 
98.269997 
98.320000 
98.129997 
97.750000 
98.059998 
97.849998 
96.650002 
98.339996 
98.449997 
98.300003 
98.410004 
98.120003 
98.449997 
98.250000 
98.360001 
98.150002 
97.989998 
97.519997 
98.199997 
98.389999 
97.849998 
97.309998 
98.000000 
98.209999 
97.820000 
97.260002 
98.489998 
98.580002 
98.040001 
97.300003 
98.550003 
98.139999 
98.239998 
97.459999 
98.449997 
98.059998 
98.279999 
98.470001 
98.290001 
98.300003 
98.269997 
97.610001 
97.550003 
96.730003 
97.430000 
98.110001 
98.510002 
97.900002 
98.309998 
98.599998 
98.239998 
98.449997 
98.389999 
98.370003 
97.879997 
98.129997 
98.519997 
98.400002 
98.419998 
96.720001 
98.029999 
97.349998 
97.610001 
98.250000 
98.459999 
97.809998 
97.800003 
98.440002 
98.610001 
98.559998 
98.250000 
98.430000 
97.980003 
97.809998 
98.580002 
98.260002 
97.879997 
98.180000 
98.629997 
98.629997 
98.089996 
98.470001 
98.730003 
98.379997 
98.410004 
98.360001 
97.970001 
97.570000 
96.800003 
98.160004 
97.570000 
97.059998 
97.470001 
98.320000 
97.519997 
98.080002 
98.419998 
97.750000 
98.250000 
98.129997 
98.470001 
98.190002 
98.489998 
98.080002 
98.650002 
97.989998 
97.980003 
98.599998 
98.589996 
98.510002 
97.699997 
97.800003 
97.639999 
98.379997 
97.910004 
97.830002 
97.860001 
98.269997 
97.510002 
98.000000 
98.059998 
98.550003 
98.430000 
98.050003 
98.199997 
98.519997 
98.610001 
98.269997 
98.550003 
98.209999 
98.610001 
98.349998 
98.080002 
98.230003 
98.389999 
98.349998 
98.489998 
98.220001 
97.889999 
98.470001 
98.570000 
98.080002 
98.180000 
98.580002 
98.330002 
98.430000 
98.480003 
98.449997 
97.610001 
98.349998 
98.690002 
98.110001 
98.190002 
98.589996 
98.620003 
98.349998 
98.639999 
98.330002 
98.510002 
98.510002 
98.599998 
98.440002 
98.269997 
98.279999 
98.239998 
98.699997 
98.339996 
98.029999 
98.279999 
98.660004 
97.830002 
98.480003 
98.440002 
98.519997 
98.110001 
98.540001 
98.550003 
98.410004 
98.379997 
98.480003 
98.410004 
98.220001 
98.430000 
97.540001 
96.730003 
97.930000 
98.239998 
98.430000 
98.209999 
97.919998 
98.000000 
98.279999 
98.360001 
97.500000 
98.400002 
98.599998 
98.459999 
98.730003 
98.300003 
98.510002 
98.000000 
98.379997 
97.959999 
97.360001 
98.410004 
98.389999 
97.519997 
98.339996 
98.510002 
98.470001 
98.360001 
98.489998 
98.519997 
98.309998 
98.410004 
98.430000 
98.010002 
98.209999 
98.620003 
98.220001 
98.160004 
98.209999 
98.639999 
98.260002 
98.419998 
98.309998 
98.500000 
98.139999 
98.580002 
98.550003 
98.080002 
97.709999 
98.110001 
97.779999 
97.970001 
98.330002 
97.220001 
97.320000 
98.690002 
98.730003 
98.320000 
98.330002 
98.550003 
98.400002 
98.070000 
98.529999 
98.300003 
97.919998 
98.459999 
98.739998 
97.860001 
98.750000 
98.739998 
98.580002 
98.620003 
98.790001 
98.430000 
98.529999 
98.680000 
98.449997 
98.400002 
98.410004 
98.629997 
98.629997 
98.389999 
98.580002 
98.639999 
98.750000 
98.199997 
98.550003 
98.339996 
97.800003 
98.639999 
98.459999 
98.540001 
98.830002 
98.559998 
98.480003 
98.269997 
98.449997 
98.589996 
98.489998 
98.440002 
98.309998 
98.470001 
98.650002 
98.720001 
98.580002 
98.760002 
98.790001 
98.529999 
98.739998 
98.360001 
98.660004 
98.220001 
98.500000 
97.949997 
98.760002 
98.519997 
98.839996 
98.510002 
98.510002 
98.860001 
98.750000 
98.680000 
98.620003 
98.739998 
98.790001 
98.040001 
98.279999 
98.099998 
98.620003 
98.029999 
98.059998 
98.430000 
98.730003 
98.639999 
98.849998 
98.470001 
98.610001 
98.449997 
98.800003 
98.599998 
98.599998 
98.779999 
98.459999 
98.470001 
98.269997 
98.279999 
98.879997 
98.720001 
97.949997 
98.559998 
98.449997 
98.629997 
98.510002 
98.589996 
98.459999 
98.430000 
98.209999 
98.730003 
98.339996 
98.690002 
98.570000 
98.559998 
98.559998 
98.290001 
98.559998 
98.470001 
97.760002 
98.120003 
98.309998 
98.440002 
98.089996 
98.599998 
98.580002 
98.389999 
98.510002 
98.459999 
98.730003 
98.809998 
98.540001 
98.660004 
98.629997 
98.089996 
98.300003 
98.639999 
98.690002 
98.769997 
98.529999 
97.879997 
97.970001 
97.739998 
98.360001 
98.440002 
98.489998 
98.379997 
98.540001 
98.589996 
98.570000 
98.570000 
98.709999 
