27.240000 
21.150000 
30.379999 
32.000000 
48.189999 
73.570000 
42.939999 
75.709999 
73.739998 
56.080002 
55.790001 
80.300003 
76.690002 
72.150002 
79.360001 
84.739998 
84.269997 
72.440002 
85.800003 
80.239998 
89.059998 
85.449997 
83.360001 
78.800003 
86.629997 
87.919998 
84.839996 
89.129997 
88.519997 
87.980003 
89.160004 
87.669998 
82.750000 
83.389999 
85.430000 
92.180000 
91.570000 
89.470001 
83.440002 
88.610001 
87.440002 
88.040001 
87.220001 
88.669998 
87.730003 
91.769997 
90.300003 
92.129997 
77.849998 
83.639999 
87.410004 
91.150002 
90.610001 
91.830002 
93.169998 
93.709999 
91.870003 
86.690002 
93.419998 
89.769997 
91.510002 
89.519997 
93.589996 
92.839996 
87.849998 
93.410004 
87.449997 
90.150002 
90.320000 
92.860001 
90.970001 
90.849998 
94.199997 
93.739998 
93.959999 
93.110001 
93.519997 
92.919998 
94.809998 
90.779999 
93.589996 
93.870003 
85.589996 
93.639999 
92.980003 
90.800003 
92.250000 
91.309998 
95.330002 
92.940002 
92.949997 
93.879997 
94.830002 
95.080002 
93.080002 
95.370003 
93.930000 
94.019997 
95.300003 
95.330002 
95.040001 
94.430000 
92.779999 
93.760002 
95.370003 
94.440002 
92.500000 
94.260002 
93.330002 
90.750000 
93.769997 
95.790001 
96.099998 
94.830002 
93.839996 
93.230003 
91.550003 
94.349998 
96.389999 
95.980003 
95.330002 
95.169998 
92.839996 
94.230003 
94.730003 
95.440002 
94.309998 
92.339996 
94.199997 
92.540001 
94.190002 
92.449997 
95.730003 
96.209999 
96.620003 
93.389999 
95.800003 
96.510002 
95.360001 
95.349998 
95.790001 
95.620003 
95.720001 
94.250000 
93.860001 
96.580002 
95.660004 
96.349998 
96.430000 
95.730003 
96.220001 
95.029999 
96.500000 
96.769997 
95.879997 
91.949997 
95.800003 
95.360001 
96.320000 
95.379997 
95.610001 
96.000000 
96.169998 
95.540001 
94.070000 
97.029999 
95.139999 
95.330002 
95.830002 
96.449997 
94.809998 
96.540001 
96.949997 
96.209999 
95.570000 
96.470001 
96.500000 
95.989998 
95.330002 
96.839996 
96.720001 
96.320000 
97.059998 
96.790001 
96.029999 
95.379997 
96.190002 
96.629997 
95.750000 
96.080002 
94.709999 
96.720001 
96.309998 
95.190002 
93.360001 
95.540001 
94.230003 
95.129997 
96.910004 
95.400002 
95.860001 
96.300003 
96.540001 
94.370003 
95.529999 
96.959999 
96.430000 
96.620003 
94.900002 
95.330002 
96.790001 
96.940002 
96.459999 
96.500000 
96.919998 
96.669998 
96.610001 
96.639999 
97.099998 
96.629997 
94.809998 
96.290001 
94.739998 
95.730003 
97.239998 
96.330002 
95.769997 
96.839996 
97.400002 
96.410004 
96.120003 
96.550003 
96.849998 
96.930000 
96.120003 
96.750000 
94.760002 
95.320000 
94.559998 
96.639999 
96.949997 
97.059998 
96.379997 
96.230003 
96.250000 
97.150002 
97.269997 
96.459999 
96.949997 
95.940002 
96.470001 
97.709999 
97.250000 
97.540001 
96.680000 
96.690002 
97.510002 
97.279999 
95.680000 
95.529999 
96.879997 
97.000000 
97.000000 
96.709999 
95.169998 
96.070000 
96.690002 
96.269997 
97.370003 
96.019997 
97.070000 
97.580002 
97.260002 
97.800003 
96.470001 
97.330002 
97.459999 
97.440002 
97.510002 
97.110001 
96.970001 
97.449997 
97.779999 
97.070000 
96.800003 
97.459999 
96.690002 
96.919998 
96.930000 
95.970001 
97.629997 
96.540001 
97.290001 
95.059998 
96.519997 
96.870003 
97.120003 
97.290001 
96.690002 
96.879997 
96.430000 
96.139999 
97.360001 
97.650002 
96.739998 
97.489998 
97.220001 
96.190002 
97.500000 
95.790001 
97.690002 
97.059998 
94.089996 
97.519997 
97.760002 
97.599998 
97.550003 
97.480003 
97.129997 
96.889999 
97.449997 
97.089996 
96.239998 
97.410004 
96.470001 
96.010002 
97.330002 
96.830002 
96.690002 
96.540001 
97.379997 
97.320000 
97.400002 
97.389999 
97.070000 
97.250000 
96.309998 
97.519997 
97.660004 
97.099998 
97.589996 
96.720001 
96.930000 
97.470001 
97.790001 
97.660004 
96.730003 
95.669998 
97.639999 
96.519997 
97.059998 
97.389999 
97.550003 
95.959999 
96.860001 
97.720001 
97.559998 
96.889999 
96.570000 
97.220001 
97.629997 
96.849998 
97.720001 
97.889999 
97.849998 
95.529999 
97.230003 
97.129997 
97.199997 
96.160004 
97.320000 
97.550003 
97.279999 
97.400002 
97.370003 
97.260002 
97.790001 
97.940002 
98.019997 
97.349998 
97.570000 
97.970001 
98.029999 
97.190002 
97.809998 
97.589996 
97.760002 
96.489998 
97.940002 
97.849998 
97.580002 
97.860001 
97.739998 
97.599998 
97.209999 
98.110001 
98.070000 
95.769997 
97.980003 
97.430000 
96.430000 
98.160004 
97.739998 
97.839996 
96.900002 
97.339996 
97.360001 
97.379997 
97.510002 
97.129997 
97.589996 
96.690002 
97.389999 
97.250000 
94.489998 
97.279999 
97.290001 
98.050003 
97.860001 
97.300003 
97.580002 
95.269997 
97.519997 
97.489998 
98.220001 
97.070000 
97.199997 
97.919998 
97.519997 
97.290001 
97.690002 
97.519997 
97.940002 
97.699997 
97.750000 
97.519997 
97.099998 
97.709999 
96.389999 
94.419998 
97.739998 
96.989998 
96.089996 
97.180000 
97.370003 
96.180000 
95.970001 
96.089996 
98.260002 
97.489998 
98.000000 
97.930000 
97.540001 
97.940002 
97.849998 
97.940002 
97.410004 
97.669998 
98.040001 
98.199997 
97.830002 
97.010002 
97.589996 
97.900002 
97.769997 
97.739998 
97.620003 
97.320000 
98.389999 
98.209999 
97.559998 
98.029999 
97.820000 
97.739998 
97.000000 
95.820000 
97.849998 
97.599998 
97.910004 
97.290001 
97.809998 
97.930000 
97.269997 
93.129997 
98.169998 
97.620003 
96.580002 
98.160004 
98.120003 
97.669998 
98.080002 
97.959999 
97.440002 
98.000000 
98.169998 
97.919998 
96.940002 
98.050003 
98.050003 
96.349998 
97.769997 
97.870003 
97.699997 
97.739998 
97.290001 
97.449997 
97.519997 
97.669998 
97.800003 
97.589996 
96.459999 
98.160004 
98.080002 
97.300003 
98.089996 
98.019997 
98.239998 
97.910004 
98.349998 
98.139999 
97.449997 
98.000000 
96.260002 
97.620003 
98.059998 
97.849998 
97.169998 
97.750000 
97.970001 
98.080002 
97.180000 
97.440002 
97.919998 
98.260002 
98.070000 
96.260002 
98.139999 
98.000000 
98.029999 
97.889999 
97.570000 
97.680000 
98.209999 
98.139999 
97.830002 
97.879997 
97.870003 
97.470001 
97.650002 
98.040001 
97.720001 
97.459999 
97.620003 
97.860001 
98.449997 
98.029999 
98.250000 
98.250000 
97.839996 
97.889999 
98.300003 
98.169998 
98.089996 
98.160004 
98.040001 
97.870003 
97.529999 
98.169998 
98.250000 
98.209999 
98.250000 
97.820000 
98.120003 
96.930000 
98.070000 
98.150002 
98.080002 
97.419998 
97.970001 
98.269997 
97.599998 
97.849998 
97.620003 
98.269997 
98.220001 
98.070000 
97.580002 
96.720001 
98.160004 
97.669998 
97.750000 
98.180000 
97.620003 
98.199997 
98.070000 
97.029999 
98.169998 
97.300003 
97.790001 
98.019997 
97.889999 
97.769997 
98.150002 
98.129997 
97.870003 
97.300003 
97.000000 
97.190002 
98.010002 
98.029999 
98.209999 
98.050003 
97.360001 
98.120003 
98.180000 
98.129997 
98.169998 
98.279999 
98.389999 
98.269997 
98.169998 
98.449997 
98.260002 
98.209999 
97.720001 
96.919998 
98.010002 
98.190002 
98.309998 
98.029999 
98.370003 
97.730003 
97.349998 
98.220001 
97.889999 
98.300003 
97.660004 
97.550003 
97.849998 
97.910004 
97.559998 
97.809998 
97.879997 
97.769997 
98.320000 
98.099998 
97.220001 
97.809998 
98.410004 
98.110001 
98.139999 
98.120003 
98.099998 
98.099998 
98.320000 
98.290001 
98.230003 
97.919998 
98.070000 
98.129997 
97.760002 
98.169998 
98.279999 
98.389999 
97.879997 
98.019997 
97.790001 
98.419998 
97.570000 
97.129997 
98.440002 
97.620003 
98.199997 
97.980003 
97.970001 
97.379997 
97.040001 
97.440002 
98.129997 
97.269997 
97.029999 
98.099998 
98.209999 
98.160004 
98.019997 
97.959999 
97.860001 
98.099998 
97.959999 
98.099998 
98.139999 
98.370003 
98.370003 
98.309998 
98.300003 
98.120003 
97.900002 
98.029999 
98.059998 
97.459999 
97.470001 
97.669998 
98.339996 
98.500000 
98.160004 
98.169998 
98.129997 
98.309998 
98.160004 
97.860001 
98.190002 
98.080002 
98.430000 
97.820000 
98.180000 
97.629997 
98.379997 
98.099998 
97.730003 
98.150002 
97.900002 
98.040001 
98.180000 
97.120003 
97.790001 
98.550003 
98.309998 
98.290001 
98.199997 
97.620003 
97.959999 
97.550003 
98.330002 
98.029999 
98.480003 
98.309998 
98.459999 
98.570000 
98.660004 
98.489998 
98.510002 
98.180000 
98.419998 
98.480003 
98.330002 
98.459999 
98.360001 
98.220001 
98.199997 
98.410004 
98.199997 
97.940002 
97.010002 
97.540001 
98.129997 
97.959999 
98.309998 
98.010002 
98.239998 
98.419998 
98.349998 
97.589996 
98.029999 
97.769997 
98.120003 
98.470001 
98.010002 
97.169998 
98.430000 
98.290001 
98.410004 
98.529999 
97.989998 
98.419998 
98.430000 
98.099998 
97.830002 
98.309998 
98.339996 
98.209999 
98.330002 
98.309998 
98.139999 
98.190002 
98.370003 
98.269997 
98.510002 
97.959999 
98.360001 
98.550003 
97.610001 
98.059998 
97.790001 
98.529999 
98.510002 
98.139999 
98.290001 
98.300003 
98.360001 
97.589996 
97.949997 
97.500000 
98.500000 
98.239998 
97.769997 
98.389999 
98.370003 
98.379997 
97.599998 
98.040001 
98.120003 
98.040001 
98.309998 
98.239998 
98.480003 
98.349998 
98.129997 
98.260002 
98.320000 
98.269997 
97.610001 
98.260002 
98.000000 
98.459999 
98.529999 
97.160004 
97.570000 
98.529999 
98.510002 
98.360001 
98.260002 
98.419998 
98.330002 
97.510002 
98.440002 
98.480003 
98.209999 
98.470001 
97.830002 
98.440002 
98.320000 
98.489998 
98.449997 
98.349998 
98.010002 
98.449997 
98.400002 
98.629997 
98.389999 
98.519997 
98.510002 
98.459999 
98.510002 
98.250000 
98.400002 
98.150002 
97.650002 
97.400002 
97.680000 
98.459999 
98.389999 
98.430000 
97.550003 
98.410004 
98.260002 
98.470001 
98.449997 
98.190002 
97.720001 
98.300003 
98.239998 
98.269997 
98.459999 
98.339996 
98.480003 
98.070000 
98.139999 
98.019997 
98.220001 
97.580002 
98.169998 
98.070000 
98.370003 
98.589996 
98.650002 
98.430000 
98.269997 
97.389999 
98.290001 
98.320000 
98.239998 
98.510002 
98.400002 
98.389999 
98.220001 
98.349998 
98.360001 
97.830002 
98.449997 
98.360001 
98.389999 
98.470001 
98.370003 
98.419998 
97.250000 
98.050003 
98.550003 
98.279999 
98.599998 
98.290001 
98.190002 
98.500000 
98.489998 
97.320000 
98.230003 
98.699997 
98.360001 
98.110001 
97.949997 
98.250000 
98.250000 
98.349998 
98.099998 
98.550003 
98.680000 
98.440002 
98.269997 
98.510002 
98.320000 
97.480003 
98.540001 
98.489998 
97.989998 
98.430000 
98.589996 
97.820000 
97.839996 
98.629997 
98.199997 
98.669998 
98.550003 
98.629997 
98.660004 
98.269997 
98.449997 
98.470001 
98.519997 
98.129997 
98.190002 
96.910004 
97.879997 
98.480003 
98.370003 
97.839996 
97.900002 
98.540001 
98.430000 
98.370003 
98.379997 
98.050003 
97.940002 
98.360001 
98.570000 
98.220001 
97.379997 
98.290001 
98.260002 
98.599998 
98.529999 
98.699997 
98.739998 
98.510002 
98.589996 
98.449997 
98.500000 
98.379997 
98.360001 
98.660004 
98.570000 
98.629997 
98.639999 
98.290001 
98.500000 
98.269997 
98.650002 
98.230003 
98.419998 
97.709999 
97.830002 
98.410004 
98.269997 
98.760002 
98.519997 
98.349998 
98.510002 
98.550003 
98.400002 
98.400002 
98.639999 
98.180000 
