16.190001 
20.350000 
24.790001 
10.590000 
15.980000 
27.740000 
41.970001 
19.320000 
49.599998 
44.630001 
35.910000 
63.680000 
39.610001 
61.320000 
64.639999 
58.880001 
66.129997 
58.520000 
71.690002 
79.660004 
59.950001 
72.010002 
72.070000 
71.870003 
68.599998 
65.019997 
74.239998 
78.209999 
79.120003 
82.260002 
76.239998 
78.849998 
73.250000 
80.620003 
84.500000 
78.760002 
75.410004 
85.269997 
83.459999 
81.680000 
86.269997 
87.680000 
84.839996 
84.059998 
79.099998 
79.750000 
80.830002 
83.570000 
85.879997 
80.970001 
81.019997 
80.099998 
79.849998 
74.940002 
85.800003 
84.160004 
84.379997 
81.120003 
86.209999 
87.379997 
90.470001 
85.510002 
88.550003 
86.309998 
88.440002 
85.870003 
80.330002 
89.760002 
84.190002 
90.300003 
87.540001 
88.059998 
85.839996 
91.019997 
83.870003 
90.629997 
86.949997 
83.080002 
91.650002 
89.559998 
88.190002 
88.019997 
89.949997 
90.970001 
89.029999 
91.550003 
90.769997 
84.839996 
89.470001 
90.959999 
89.410004 
91.709999 
88.370003 
90.120003 
88.629997 
90.870003 
89.300003 
90.879997 
90.919998 
89.419998 
85.680000 
92.430000 
90.290001 
88.360001 
90.820000 
87.360001 
92.339996 
90.519997 
90.769997 
91.660004 
90.599998 
91.250000 
84.919998 
91.400002 
89.669998 
89.910004 
91.370003 
91.769997 
91.389999 
90.680000 
88.690002 
91.750000 
90.050003 
86.629997 
89.309998 
92.120003 
93.059998 
92.489998 
91.839996 
92.980003 
90.529999 
91.220001 
92.440002 
92.980003 
92.589996 
91.930000 
92.470001 
91.519997 
91.639999 
92.769997 
88.180000 
89.809998 
93.320000 
88.699997 
91.699997 
92.459999 
91.400002 
92.769997 
92.650002 
93.629997 
91.610001 
92.440002 
91.599998 
92.760002 
93.410004 
92.480003 
90.519997 
90.309998 
90.129997 
93.550003 
93.150002 
92.750000 
91.570000 
92.540001 
93.769997 
93.010002 
93.570000 
93.820000 
92.739998 
92.120003 
94.010002 
93.919998 
92.360001 
93.250000 
93.750000 
93.059998 
92.709999 
93.300003 
92.930000 
92.589996 
94.279999 
94.250000 
93.949997 
92.290001 
93.800003 
92.949997 
93.309998 
94.099998 
93.919998 
92.870003 
93.660004 
93.910004 
94.070000 
93.309998 
93.139999 
94.430000 
92.589996 
92.669998 
94.540001 
94.540001 
94.540001 
94.410004 
94.220001 
93.199997 
94.790001 
93.129997 
94.489998 
93.419998 
93.550003 
93.290001 
93.650002 
93.660004 
94.449997 
94.180000 
94.089996 
92.639999 
91.129997 
94.010002 
93.389999 
91.180000 
91.160004 
92.529999 
93.860001 
90.760002 
94.290001 
94.699997 
94.050003 
93.620003 
92.349998 
94.070000 
93.169998 
94.180000 
94.650002 
93.589996 
92.779999 
93.959999 
94.099998 
94.019997 
93.680000 
94.919998 
94.739998 
93.089996 
93.120003 
93.900002 
94.709999 
92.260002 
94.309998 
91.370003 
94.639999 
95.300003 
92.800003 
94.089996 
93.000000 
93.669998 
94.529999 
95.489998 
95.379997 
95.190002 
93.529999 
92.870003 
93.709999 
95.110001 
94.680000 
93.690002 
93.620003 
92.720001 
91.900002 
95.269997 
94.529999 
93.739998 
94.150002 
93.209999 
94.720001 
95.059998 
94.339996 
94.639999 
95.459999 
94.610001 
95.089996 
94.139999 
92.489998 
93.849998 
95.660004 
93.690002 
94.760002 
94.169998 
94.589996 
94.849998 
94.459999 
94.970001 
95.480003 
94.559998 
94.930000 
94.919998 
95.720001 
93.790001 
95.480003 
94.879997 
93.809998 
95.250000 
93.970001 
92.449997 
94.760002 
95.250000 
95.519997 
95.019997 
94.879997 
94.830002 
94.610001 
95.360001 
93.070000 
94.459999 
94.830002 
93.970001 
94.889999 
94.930000 
94.529999 
95.419998 
93.400002 
93.800003 
94.260002 
93.589996 
95.860001 
94.220001 
95.459999 
95.320000 
94.709999 
94.099998 
95.650002 
94.660004 
93.669998 
94.139999 
95.230003 
94.940002 
94.790001 
95.230003 
94.680000 
95.410004 
95.150002 
95.680000 
95.849998 
95.949997 
95.629997 
95.389999 
94.650002 
94.620003 
95.059998 
95.610001 
95.760002 
95.470001 
95.410004 
96.000000 
95.480003 
94.120003 
91.610001 
94.800003 
95.900002 
95.730003 
96.199997 
96.379997 
95.010002 
93.730003 
95.639999 
94.809998 
96.220001 
96.080002 
95.099998 
91.680000 
94.970001 
95.730003 
95.470001 
95.790001 
95.800003 
95.739998 
96.199997 
95.470001 
95.940002 
95.529999 
96.070000 
95.790001 
96.160004 
94.449997 
94.040001 
95.410004 
94.839996 
95.959999 
94.849998 
95.760002 
96.180000 
95.419998 
96.360001 
96.379997 
94.099998 
95.910004 
95.620003 
95.900002 
95.589996 
95.550003 
96.150002 
95.120003 
95.910004 
95.089996 
95.809998 
95.570000 
95.930000 
95.849998 
95.339996 
95.209999 
94.879997 
94.339996 
96.029999 
95.250000 
95.660004 
95.860001 
95.470001 
94.820000 
96.430000 
96.089996 
93.919998 
95.769997 
95.089996 
96.489998 
96.080002 
96.040001 
96.489998 
95.580002 
96.129997 
95.070000 
95.660004 
95.669998 
95.680000 
94.860001 
94.709999 
95.559998 
95.540001 
95.750000 
95.809998 
95.830002 
95.800003 
95.220001 
96.000000 
96.199997 
96.129997 
95.660004 
95.900002 
95.860001 
94.889999 
96.660004 
95.980003 
96.410004 
95.040001 
96.320000 
95.709999 
96.309998 
95.760002 
95.930000 
95.919998 
95.809998 
96.370003 
95.879997 
94.459999 
96.570000 
95.080002 
95.330002 
95.620003 
95.180000 
96.089996 
95.220001 
95.300003 
96.639999 
96.559998 
96.309998 
96.120003 
95.980003 
95.629997 
96.370003 
93.709999 
95.949997 
96.820000 
96.129997 
96.570000 
95.199997 
96.790001 
96.529999 
95.650002 
95.379997 
96.339996 
96.580002 
96.690002 
96.610001 
96.370003 
94.379997 
96.809998 
95.889999 
96.059998 
96.070000 
95.820000 
96.250000 
96.279999 
96.120003 
96.120003 
95.160004 
96.459999 
95.769997 
96.400002 
96.360001 
96.169998 
94.940002 
96.639999 
96.599998 
96.500000 
96.589996 
96.290001 
96.080002 
94.309998 
95.800003 
96.110001 
96.300003 
95.849998 
96.379997 
96.529999 
96.559998 
96.180000 
94.559998 
96.349998 
95.750000 
96.610001 
96.830002 
96.440002 
96.570000 
96.470001 
96.300003 
96.430000 
96.510002 
96.349998 
96.360001 
95.889999 
96.050003 
95.870003 
95.330002 
95.010002 
96.779999 
96.730003 
96.870003 
96.019997 
96.000000 
95.839996 
96.489998 
95.739998 
96.260002 
96.150002 
96.459999 
96.790001 
96.620003 
96.339996 
95.559998 
96.309998 
96.680000 
96.800003 
96.720001 
96.849998 
96.190002 
95.650002 
96.919998 
96.449997 
96.360001 
96.190002 
96.709999 
96.360001 
96.110001 
94.949997 
96.500000 
96.800003 
96.230003 
96.870003 
96.120003 
96.129997 
95.680000 
96.589996 
96.599998 
96.459999 
97.010002 
96.089996 
95.709999 
94.360001 
95.879997 
96.730003 
96.029999 
97.000000 
96.959999 
96.550003 
96.250000 
96.449997 
96.370003 
96.589996 
96.720001 
96.830002 
96.330002 
96.519997 
95.239998 
96.379997 
96.750000 
96.430000 
93.690002 
96.599998 
96.489998 
96.879997 
96.040001 
96.730003 
96.930000 
96.110001 
96.070000 
95.660004 
95.410004 
96.980003 
96.190002 
96.400002 
96.209999 
96.830002 
96.650002 
97.220001 
96.970001 
96.949997 
96.199997 
96.070000 
96.790001 
96.449997 
96.580002 
96.400002 
96.290001 
96.150002 
96.879997 
96.370003 
96.300003 
96.739998 
95.279999 
96.489998 
96.489998 
95.830002 
97.129997 
95.800003 
96.230003 
96.120003 
96.779999 
96.940002 
96.779999 
95.809998 
96.790001 
96.540001 
95.610001 
96.980003 
96.879997 
96.879997 
96.889999 
95.309998 
96.790001 
95.629997 
97.150002 
96.000000 
96.610001 
97.040001 
95.610001 
96.669998 
96.570000 
96.860001 
96.699997 
96.309998 
97.180000 
97.220001 
96.389999 
96.269997 
97.190002 
96.910004 
96.720001 
96.599998 
97.110001 
96.360001 
96.919998 
96.160004 
95.459999 
96.699997 
96.669998 
97.070000 
96.599998 
96.400002 
96.440002 
96.989998 
96.669998 
96.989998 
97.360001 
96.830002 
97.220001 
96.709999 
97.150002 
96.989998 
97.230003 
96.940002 
96.760002 
96.809998 
97.110001 
95.599998 
97.309998 
96.800003 
96.970001 
95.269997 
96.870003 
96.800003 
97.169998 
95.330002 
97.089996 
97.360001 
97.309998 
97.309998 
96.809998 
97.080002 
97.029999 
97.169998 
96.559998 
96.949997 
96.940002 
96.070000 
96.599998 
96.980003 
97.239998 
97.139999 
97.059998 
96.730003 
95.830002 
96.910004 
97.199997 
96.629997 
96.050003 
97.309998 
97.190002 
97.070000 
96.589996 
95.699997 
97.360001 
97.190002 
96.900002 
96.790001 
97.449997 
97.010002 
96.980003 
97.400002 
96.400002 
95.800003 
96.480003 
96.949997 
96.769997 
97.150002 
97.110001 
96.519997 
95.410004 
96.669998 
96.000000 
96.989998 
96.620003 
97.330002 
96.239998 
97.230003 
96.440002 
96.430000 
96.720001 
96.779999 
96.709999 
97.110001 
97.099998 
96.470001 
97.150002 
96.879997 
97.239998 
96.400002 
97.190002 
97.339996 
97.360001 
97.129997 
96.830002 
96.489998 
96.800003 
97.080002 
96.660004 
96.910004 
97.129997 
96.919998 
97.070000 
96.750000 
97.360001 
97.029999 
96.099998 
96.739998 
95.860001 
96.430000 
96.489998 
96.550003 
96.309998 
96.559998 
96.519997 
95.839996 
96.650002 
97.110001 
97.370003 
97.419998 
97.050003 
97.389999 
96.400002 
96.660004 
96.849998 
96.940002 
96.820000 
96.910004 
96.720001 
96.739998 
96.199997 
96.660004 
96.889999 
97.430000 
97.059998 
96.930000 
97.320000 
96.919998 
97.480003 
97.339996 
97.339996 
96.449997 
97.389999 
97.470001 
97.099998 
96.910004 
96.900002 
97.339996 
97.220001 
95.809998 
97.230003 
97.320000 
96.500000 
97.529999 
97.190002 
96.029999 
97.120003 
95.839996 
96.180000 
97.459999 
97.300003 
97.129997 
97.290001 
97.279999 
96.589996 
96.769997 
97.349998 
96.830002 
96.980003 
94.760002 
97.000000 
97.129997 
96.430000 
96.860001 
97.449997 
96.489998 
96.779999 
96.480003 
97.400002 
97.050003 
94.470001 
97.260002 
96.949997 
96.959999 
97.360001 
97.459999 
96.790001 
97.430000 
97.440002 
97.080002 
96.830002 
97.519997 
97.110001 
96.820000 
97.389999 
97.320000 
97.190002 
96.769997 
97.000000 
97.400002 
97.349998 
96.820000 
97.269997 
96.580002 
95.139999 
96.949997 
97.739998 
97.260002 
96.809998 
97.059998 
97.470001 
95.650002 
97.370003 
97.339996 
97.570000 
96.529999 
97.449997 
97.389999 
97.540001 
97.120003 
97.099998 
97.330002 
96.750000 
96.610001 
97.589996 
96.949997 
97.559998 
97.019997 
97.599998 
97.110001 
97.370003 
97.160004 
96.820000 
97.139999 
97.260002 
96.910004 
97.489998 
97.339996 
97.349998 
97.480003 
97.220001 
97.449997 
96.930000 
97.279999 
97.150002 
97.500000 
96.589996 
96.750000 
97.160004 
96.830002 
96.160004 
97.449997 
97.129997 
97.220001 
97.110001 
97.510002 
97.230003 
96.699997 
97.209999 
97.470001 
97.750000 
97.430000 
96.839996 
97.330002 
97.550003 
97.559998 
97.269997 
97.669998 
97.650002 
97.459999 
96.779999 
97.290001 
97.419998 
96.839996 
96.629997 
96.760002 
97.449997 
97.370003 
97.339996 
97.589996 
97.669998 
97.209999 
97.269997 
97.220001 
97.669998 
97.550003 
97.169998 
97.500000 
97.290001 
97.800003 
97.739998 
97.459999 
97.419998 
96.550003 
97.269997 
96.970001 
97.459999 
97.220001 
97.059998 
96.459999 
96.760002 
96.629997 
97.690002 
97.410004 
96.779999 
96.360001 
97.589996 
97.519997 
97.529999 
97.440002 
97.620003 
97.519997 
96.910004 
96.949997 
97.000000 
97.040001 
97.480003 
