8.970000 
9.200000 
8.620000 
8.220000 
7.710000 
6.840000 
5.700000 
4.200000 
3.480000 
3.670000 
3.800000 
3.820000 
4.840000 
5.340000 
5.060000 
6.050000 
6.550000 
6.630000 
6.310000 
6.330000 
7.090000 
6.940000 
8.000000 
7.160000 
6.790000 
7.170000 
7.490000 
7.920000 
8.200000 
8.330000 
8.530000 
9.140000 
8.860000 
9.220000 
9.280000 
9.710000 
10.780000 
11.160000 
11.880000 
13.250000 
14.050000 
14.450000 
15.550000 
15.480000 
16.760000 
16.610001 
16.610001 
17.190001 
17.049999 
17.350000 
18.030001 
16.870001 
17.620001 
16.980000 
17.570000 
17.490000 
17.650000 
18.709999 
18.309999 
19.440001 
19.719999 
20.760000 
20.750000 
20.650000 
22.070000 
22.420000 
22.600000 
23.040001 
23.410000 
23.410000 
24.379999 
23.500000 
24.540001 
24.980000 
26.160000 
25.090000 
24.850000 
23.900000 
25.530001 
27.170000 
26.240000 
27.580000 
28.010000 
28.469999 
28.799999 
30.799999 
31.100000 
30.639999 
31.030001 
31.650000 
32.380001 
33.410000 
33.290001 
32.980000 
33.389999 
33.840000 
35.590000 
34.770000 
35.389999 
35.520000 
36.290001 
35.919998 
36.310001 
36.689999 
36.470001 
36.240002 
36.169998 
36.349998 
36.310001 
37.360001 
37.090000 
36.549999 
37.070000 
38.500000 
37.959999 
37.990002 
36.980000 
37.009998 
35.950001 
35.610001 
38.169998 
37.419998 
37.970001 
38.369999 
39.139999 
40.070000 
39.599998 
41.230000 
43.320000 
43.570000 
43.080002 
43.570000 
42.360001 
41.880001 
43.549999 
41.950001 
41.939999 
40.770000 
40.799999 
40.029999 
39.720001 
38.180000 
37.150002 
37.450001 
37.060001 
38.820000 
38.889999 
39.360001 
39.459999 
40.450001 
39.330002 
39.380001 
39.169998 
40.209999 
41.639999 
41.099998 
38.799999 
39.450001 
39.119999 
38.970001 
39.470001 
39.250000 
39.500000 
39.730000 
39.189999 
40.150002 
39.189999 
39.630001 
40.139999 
39.730000 
40.529999 
41.480000 
41.779999 
42.209999 
42.919998 
41.820000 
42.139999 
42.630001 
43.330002 
41.919998 
41.439999 
43.230000 
43.299999 
42.689999 
43.779999 
42.660000 
42.430000 
41.779999 
40.509998 
42.360001 
43.630001 
46.040001 
44.779999 
47.320000 
49.799999 
48.230000 
46.410000 
46.970001 
49.410000 
50.279999 
49.150002 
49.090000 
48.340000 
49.549999 
50.110001 
49.759998 
49.270000 
47.790001 
47.770000 
47.369999 
47.599998 
47.430000 
47.320000 
47.669998 
48.310001 
48.779999 
48.810001 
48.840000 
47.509998 
46.209999 
44.410000 
45.360001 
46.730000 
47.570000 
48.910000 
50.160000 
51.130001 
50.689999 
50.419998 
49.570000 
50.200001 
51.639999 
51.470001 
51.880001 
52.680000 
53.619999 
55.020000 
53.570000 
51.750000 
52.529999 
51.570000 
53.299999 
54.139999 
54.349998 
54.119999 
53.389999 
55.450001 
56.150002 
56.619999 
57.119999 
57.770000 
58.290001 
57.459999 
58.840000 
57.770000 
57.939999 
57.169998 
57.790001 
55.849998 
54.900002 
56.610001 
56.869999 
57.740002 
57.450001 
59.680000 
58.869999 
58.950001 
59.349998 
57.790001 
58.889999 
59.029999 
58.000000 
58.259998 
58.900002 
60.480000 
59.810001 
59.650002 
61.119999 
61.520000 
62.529999 
62.320000 
63.410000 
65.440002 
66.690002 
63.770000 
63.730000 
63.770000 
65.180000 
66.160004 
66.019997 
66.660004 
66.160004 
67.419998 
65.449997 
66.029999 
65.940002 
67.059998 
64.089996 
65.720001 
64.040001 
65.239998 
66.230003 
65.930000 
65.970001 
65.250000 
67.099998 
67.550003 
69.980003 
67.849998 
65.660004 
67.089996 
70.610001 
70.050003 
69.059998 
69.879997 
69.900002 
68.360001 
66.660004 
64.750000 
68.379997 
69.389999 
71.550003 
71.639999 
72.269997 
72.250000 
71.910004 
72.849998 
73.529999 
74.989998 
74.059998 
75.930000 
74.260002 
74.989998 
77.370003 
76.180000 
76.129997 
76.440002 
77.099998 
75.389999 
76.320000 
76.300003 
76.919998 
77.059998 
76.349998 
75.510002 
75.570000 
73.480003 
73.379997 
76.089996 
75.959999 
75.750000 
74.660004 
77.300003 
78.360001 
77.410004 
76.639999 
77.129997 
78.419998 
75.879997 
75.300003 
76.410004 
77.169998 
78.190002 
77.300003 
75.940002 
77.029999 
76.269997 
77.120003 
77.269997 
78.230003 
76.879997 
77.550003 
76.440002 
79.290001 
80.519997 
81.010002 
81.370003 
80.620003 
80.629997 
79.919998 
80.940002 
80.099998 
80.730003 
81.099998 
81.480003 
79.400002 
81.309998 
80.820000 
80.419998 
82.349998 
81.910004 
82.050003 
82.550003 
82.389999 
82.510002 
82.070000 
82.190002 
82.059998 
82.279999 
82.800003 
82.110001 
81.760002 
81.199997 
80.320000 
81.660004 
82.720001 
81.739998 
81.919998 
78.889999 
80.860001 
82.610001 
83.290001 
82.370003 
82.709999 
81.769997 
82.389999 
83.080002 
82.320000 
82.519997 
82.110001 
82.360001 
82.720001 
83.489998 
83.620003 
83.389999 
82.529999 
83.889999 
83.779999 
83.279999 
82.070000 
82.839996 
82.879997 
82.730003 
83.110001 
82.860001 
82.139999 
81.080002 
82.540001 
82.970001 
83.949997 
84.110001 
84.709999 
83.980003 
84.139999 
83.790001 
84.120003 
83.760002 
83.559998 
83.440002 
83.580002 
84.139999 
84.370003 
84.940002 
85.160004 
84.760002 
82.940002 
83.860001 
83.680000 
83.699997 
83.730003 
83.809998 
84.459999 
84.779999 
84.209999 
85.209999 
83.760002 
83.489998 
83.639999 
83.879997 
83.750000 
83.910004 
83.989998 
83.790001 
84.320000 
85.110001 
84.940002 
85.129997 
85.419998 
85.379997 
84.489998 
84.940002 
84.599998 
84.400002 
83.709999 
85.300003 
85.160004 
85.029999 
85.970001 
85.820000 
84.760002 
85.949997 
85.510002 
85.160004 
85.150002 
84.970001 
86.449997 
86.300003 
85.970001 
85.839996 
85.690002 
85.830002 
85.660004 
85.769997 
86.300003 
86.379997 
86.199997 
86.279999 
86.050003 
85.830002 
86.019997 
86.480003 
86.820000 
85.699997 
85.949997 
86.360001 
86.199997 
86.000000 
86.540001 
86.120003 
86.550003 
86.500000 
86.070000 
86.669998 
86.410004 
85.480003 
84.589996 
84.860001 
85.860001 
85.629997 
85.769997 
84.959999 
85.750000 
86.570000 
86.410004 
86.160004 
85.959999 
85.449997 
86.059998 
86.519997 
86.790001 
86.910004 
86.790001 
86.870003 
86.589996 
86.370003 
85.830002 
86.919998 
87.040001 
86.669998 
86.269997 
86.730003 
86.849998 
87.080002 
85.870003 
87.239998 
87.559998 
87.410004 
87.180000 
87.059998 
87.029999 
87.150002 
86.910004 
86.769997 
87.180000 
87.510002 
87.320000 
86.660004 
86.559998 
86.580002 
87.260002 
87.010002 
86.389999 
86.610001 
87.400002 
87.470001 
87.279999 
87.459999 
87.199997 
86.970001 
87.339996 
87.489998 
87.199997 
86.889999 
87.199997 
87.129997 
87.459999 
87.440002 
86.980003 
87.690002 
87.580002 
88.139999 
87.849998 
87.750000 
87.830002 
88.180000 
88.169998 
88.070000 
87.879997 
87.730003 
88.139999 
87.709999 
86.989998 
87.089996 
87.989998 
88.169998 
88.129997 
87.790001 
87.959999 
87.620003 
87.760002 
88.339996 
88.419998 
87.860001 
87.900002 
87.510002 
87.510002 
88.209999 
88.300003 
87.550003 
88.059998 
88.419998 
88.620003 
88.720001 
88.330002 
88.610001 
88.660004 
88.650002 
88.980003 
88.900002 
88.699997 
88.449997 
88.790001 
88.629997 
88.220001 
88.559998 
88.589996 
88.300003 
88.769997 
88.739998 
88.870003 
88.809998 
88.750000 
88.830002 
88.269997 
88.080002 
87.589996 
88.349998 
88.019997 
87.489998 
88.300003 
88.510002 
89.019997 
88.769997 
89.139999 
88.809998 
88.220001 
88.440002 
88.959999 
88.900002 
89.010002 
88.730003 
88.580002 
88.610001 
89.050003 
88.769997 
87.839996 
88.510002 
88.610001 
88.510002 
88.870003 
89.239998 
89.400002 
88.849998 
89.169998 
89.220001 
88.809998 
88.730003 
88.570000 
88.379997 
88.489998 
88.860001 
89.070000 
89.070000 
88.730003 
88.709999 
89.010002 
88.790001 
88.050003 
88.379997 
88.519997 
88.900002 
88.500000 
89.180000 
89.129997 
89.160004 
88.349998 
88.790001 
88.870003 
89.309998 
88.459999 
89.500000 
88.959999 
89.300003 
89.220001 
88.970001 
88.610001 
89.669998 
89.370003 
88.910004 
89.190002 
89.220001 
89.589996 
89.550003 
89.349998 
89.320000 
89.790001 
89.650002 
89.849998 
89.339996 
89.760002 
89.720001 
89.739998 
89.690002 
89.699997 
89.900002 
89.830002 
89.519997 
89.699997 
89.839996 
89.580002 
89.529999 
89.349998 
89.690002 
89.300003 
89.470001 
89.449997 
89.790001 
89.739998 
89.580002 
89.620003 
90.169998 
89.900002 
89.809998 
89.309998 
89.430000 
89.360001 
89.580002 
89.300003 
88.870003 
89.720001 
90.029999 
89.589996 
89.470001 
89.449997 
89.190002 
89.309998 
89.739998 
89.739998 
89.779999 
89.669998 
89.739998 
89.769997 
89.919998 
89.889999 
89.839996 
90.040001 
90.220001 
90.300003 
90.150002 
90.040001 
89.769997 
89.910004 
90.099998 
89.949997 
90.410004 
89.949997 
89.720001 
89.800003 
89.919998 
90.169998 
89.580002 
90.180000 
89.980003 
90.150002 
89.889999 
89.879997 
90.019997 
90.400002 
89.930000 
90.419998 
90.300003 
90.080002 
90.180000 
90.139999 
90.620003 
90.459999 
90.320000 
90.360001 
90.370003 
90.309998 
90.690002 
90.330002 
90.290001 
89.919998 
90.349998 
90.400002 
90.400002 
90.459999 
90.269997 
90.099998 
89.919998 
89.239998 
89.510002 
89.349998 
89.650002 
90.480003 
90.550003 
90.650002 
90.599998 
90.570000 
90.750000 
90.400002 
90.699997 
90.529999 
90.470001 
90.480003 
90.510002 
90.510002 
90.599998 
90.110001 
89.989998 
89.820000 
90.410004 
90.500000 
90.919998 
90.940002 
90.680000 
90.300003 
90.559998 
90.680000 
90.339996 
90.500000 
90.480003 
90.809998 
90.599998 
90.629997 
90.510002 
90.730003 
90.389999 
90.720001 
90.839996 
90.589996 
90.250000 
90.160004 
90.470001 
90.430000 
90.709999 
90.510002 
90.620003 
90.739998 
90.699997 
90.620003 
90.699997 
90.639999 
90.129997 
89.870003 
89.940002 
90.379997 
90.480003 
90.629997 
90.510002 
90.500000 
90.669998 
90.830002 
90.870003 
90.919998 
91.150002 
90.820000 
90.779999 
90.959999 
90.910004 
90.199997 
90.080002 
90.440002 
90.959999 
90.669998 
90.339996 
90.720001 
90.879997 
91.150002 
90.739998 
90.889999 
91.000000 
90.980003 
90.699997 
90.440002 
90.389999 
90.510002 
90.320000 
90.150002 
90.370003 
90.330002 
90.870003 
90.860001 
90.629997 
90.980003 
90.949997 
90.910004 
91.209999 
91.279999 
91.300003 
91.209999 
90.940002 
91.070000 
91.150002 
91.419998 
91.370003 
90.989998 
91.309998 
91.230003 
91.250000 
90.970001 
90.900002 
91.010002 
91.430000 
91.089996 
91.339996 
91.089996 
91.419998 
91.300003 
91.410004 
91.190002 
91.120003 
91.550003 
91.330002 
91.269997 
91.279999 
91.449997 
91.349998 
91.320000 
91.309998 
91.279999 
91.230003 
91.389999 
91.099998 
91.269997 
91.110001 
91.139999 
91.070000 
91.120003 
90.430000 
91.230003 
91.250000 
91.120003 
91.080002 
91.430000 
91.379997 
91.129997 
91.040001 
91.190002 
91.269997 
90.779999 
91.070000 
91.180000 
90.860001 
90.769997 
90.610001 
91.349998 
91.379997 
91.410004 
91.419998 
91.099998 
91.709999 
91.349998 
91.180000 
91.470001 
91.379997 
91.589996 
91.080002 
90.989998 
90.800003 
91.239998 
91.440002 
91.320000 
91.230003 
91.089996 
91.419998 
91.709999 
91.790001 
91.650002 
91.620003 
91.570000 
91.269997 
91.370003 
91.699997 
91.360001 
91.650002 
91.389999 
91.300003 
91.279999 
