600
600
600
600
600
600
600
600
600
600
600
600
600
600
600
600
600
600
600
600
600
600
600
600
600
600
600
600
600
600
600
600
600
600
600
600
600
600
600
600
600
600
600
600
600
600
600
600
600
600
600
600
600
600
600
600
600
600
600
600
600
600
600
600
600
600
600
600
600
600
600
600
600
600
600
600
600
600
600
600
600
600
600
600
600
600
600
600
600
600
600
600
600
600
600
600
600
600
600
600
12.34
15.23
17.13
18.45
19.99
21.42
22.5
23.96
25.36
27.75
30.44
32.29
35.0
38.5
40.95
43.78
47.0
49.71
52.43
54.43
56.93
58.18
60.69
62.85
64.51
66.69
69.85
72.89
74.17
75.3
75.83
76.78
77.6
78.24
78.74
79.69
80.26
80.98
81.18
81.57
82.2
82.06
82.6
83.22
83.28
83.68
83.9
84.64
84.81
84.94
85.35
85.76
85.83
85.97
86.11
86.35
86.3
86.51
86.82
86.83
87.26
87.36
87.5
87.59
87.59
87.83
87.9
88.13
88.43
88.24
88.51
88.32
88.74
88.81
88.94
89.1
88.96
89.11
89.21
89.41
89.44
89.72
89.53
89.57
89.77
89.86
90.02
89.95
90.02
90.18
90.41
90.23
90.37
90.52
90.51
90.59
90.75
90.87
90.89
91.0
