31.590000 
54.049999 
73.800003 
80.870003 
83.860001 
87.019997 
88.830002 
90.010002 
90.809998 
91.589996 
92.690002 
92.949997 
93.400002 
93.540001 
93.970001 
94.400002 
94.430000 
94.800003 
94.989998 
95.160004 
95.440002 
95.470001 
95.550003 
95.650002 
95.930000 
95.860001 
95.800003 
96.040001 
96.139999 
96.209999 
96.120003 
96.360001 
96.430000 
96.489998 
96.589996 
96.510002 
96.580002 
96.559998 
96.699997 
96.709999 
96.809998 
96.720001 
96.820000 
96.849998 
96.940002 
96.949997 
97.029999 
96.930000 
97.089996 
97.150002 
97.209999 
97.160004 
97.230003 
97.209999 
97.260002 
97.339996 
97.300003 
97.339996 
97.400002 
97.449997 
97.370003 
97.440002 
97.459999 
97.519997 
97.400002 
97.419998 
97.489998 
97.489998 
97.620003 
97.559998 
97.629997 
97.599998 
97.580002 
97.550003 
97.669998 
97.690002 
97.739998 
97.800003 
97.800003 
97.769997 
97.739998 
97.669998 
97.809998 
97.800003 
97.919998 
97.800003 
97.900002 
97.839996 
97.900002 
97.879997 
97.800003 
97.980003 
97.970001 
97.889999 
97.910004 
97.889999 
97.940002 
98.019997 
97.989998 
97.919998 
98.029999 
97.949997 
98.080002 
98.010002 
98.139999 
98.110001 
98.059998 
98.040001 
98.099998 
98.099998 
98.150002 
98.160004 
98.129997 
98.169998 
98.250000 
98.150002 
98.180000 
98.129997 
98.180000 
98.230003 
98.199997 
98.230003 
98.260002 
98.169998 
98.290001 
98.300003 
98.309998 
98.239998 
98.220001 
98.230003 
98.220001 
98.279999 
98.239998 
98.300003 
98.250000 
98.290001 
98.300003 
98.279999 
98.279999 
98.290001 
98.309998 
98.330002 
98.330002 
98.339996 
98.279999 
98.320000 
98.349998 
98.389999 
98.290001 
98.309998 
98.330002 
98.459999 
98.440002 
98.449997 
98.410004 
98.430000 
98.419998 
98.440002 
98.459999 
98.459999 
98.500000 
98.430000 
98.389999 
98.470001 
98.430000 
98.370003 
98.330002 
98.430000 
98.449997 
98.500000 
98.419998 
98.489998 
98.410004 
98.489998 
98.500000 
98.540001 
98.489998 
98.570000 
98.559998 
98.559998 
98.559998 
98.489998 
98.500000 
98.599998 
98.489998 
98.580002 
98.570000 
98.519997 
98.559998 
98.559998 
98.570000 
98.589996 
98.570000 
98.570000 
98.610001 
98.629997 
98.629997 
98.500000 
98.540001 
98.459999 
98.570000 
98.500000 
98.610001 
98.559998 
98.580002 
98.529999 
98.529999 
98.580002 
98.620003 
98.589996 
98.570000 
98.529999 
98.620003 
98.610001 
98.620003 
98.639999 
98.629997 
98.610001 
98.599998 
98.570000 
98.620003 
98.589996 
98.660004 
98.680000 
98.550003 
98.650002 
98.690002 
98.660004 
98.620003 
98.639999 
98.669998 
98.699997 
98.660004 
98.650002 
98.620003 
98.629997 
98.650002 
98.610001 
98.540001 
98.629997 
98.629997 
98.620003 
98.660004 
98.720001 
98.629997 
98.660004 
98.639999 
98.669998 
98.650002 
98.699997 
98.650002 
98.750000 
98.769997 
98.709999 
98.669998 
98.610001 
98.639999 
98.610001 
98.690002 
98.699997 
98.660004 
98.709999 
98.680000 
98.680000 
98.669998 
98.690002 
98.709999 
98.639999 
98.680000 
98.669998 
98.629997 
98.709999 
98.629997 
98.650002 
98.730003 
98.639999 
98.639999 
98.709999 
98.739998 
98.750000 
98.730003 
98.739998 
98.750000 
98.709999 
98.750000 
98.709999 
98.680000 
98.709999 
98.699997 
98.739998 
98.730003 
98.739998 
98.730003 
98.669998 
98.699997 
98.680000 
98.720001 
98.680000 
98.589996 
98.639999 
98.680000 
98.760002 
98.720001 
98.639999 
98.709999 
98.720001 
98.699997 
98.739998 
98.660004 
98.790001 
98.750000 
98.790001 
98.779999 
98.820000 
98.809998 
98.769997 
98.790001 
98.809998 
98.800003 
98.720001 
98.709999 
98.699997 
98.800003 
98.750000 
98.720001 
98.739998 
98.809998 
98.739998 
98.760002 
98.769997 
98.809998 
98.790001 
98.860001 
98.839996 
98.820000 
98.790001 
98.830002 
98.800003 
98.779999 
98.760002 
98.809998 
98.739998 
98.779999 
98.809998 
98.830002 
98.779999 
98.779999 
98.800003 
98.779999 
98.800003 
98.779999 
98.750000 
98.699997 
98.720001 
98.800003 
98.769997 
98.790001 
98.779999 
98.779999 
98.769997 
98.750000 
98.809998 
98.839996 
98.790001 
98.849998 
98.870003 
98.790001 
98.849998 
98.760002 
98.730003 
98.809998 
98.830002 
98.820000 
98.830002 
98.750000 
98.769997 
98.849998 
98.849998 
98.849998 
98.870003 
98.820000 
98.809998 
98.889999 
98.849998 
98.910004 
98.830002 
98.830002 
98.820000 
98.779999 
98.730003 
98.760002 
98.800003 
98.839996 
98.809998 
98.830002 
98.830002 
98.790001 
98.849998 
98.779999 
98.860001 
98.889999 
98.809998 
98.800003 
98.849998 
98.809998 
98.830002 
98.879997 
98.919998 
98.889999 
98.839996 
98.849998 
98.889999 
98.870003 
98.860001 
98.860001 
98.839996 
98.919998 
98.839996 
98.889999 
98.860001 
98.809998 
98.870003 
98.879997 
98.879997 
98.830002 
98.870003 
98.839996 
98.900002 
98.820000 
98.900002 
98.879997 
98.879997 
98.879997 
98.830002 
98.860001 
98.830002 
98.800003 
98.870003 
98.870003 
98.870003 
98.809998 
98.800003 
98.849998 
98.879997 
98.830002 
98.820000 
98.839996 
98.839996 
98.870003 
98.919998 
98.919998 
98.930000 
98.849998 
98.820000 
98.820000 
98.889999 
98.849998 
98.889999 
98.879997 
98.900002 
98.820000 
98.870003 
98.870003 
98.849998 
98.839996 
98.839996 
98.849998 
98.849998 
98.830002 
98.839996 
98.849998 
98.830002 
98.790001 
98.800003 
98.839996 
98.750000 
98.839996 
98.800003 
98.860001 
98.839996 
98.870003 
98.900002 
98.839996 
98.830002 
98.849998 
98.879997 
98.760002 
98.779999 
98.849998 
98.889999 
98.860001 
98.879997 
98.849998 
98.839996 
98.849998 
98.849998 
98.870003 
98.820000 
98.849998 
98.900002 
10.480000 
18.100000 
26.860001 
36.619999 
43.529999 
56.720001 
66.110001 
71.349998 
76.879997 
78.680000 
79.419998 
80.620003 
81.820000 
82.769997 
84.540001 
85.040001 
85.529999 
85.959999 
86.849998 
87.599998 
87.830002 
88.389999 
88.190002 
89.110001 
89.239998 
89.690002 
89.629997 
89.730003 
89.839996 
90.410004 
90.010002 
90.430000 
90.580002 
90.949997 
90.889999 
91.410004 
91.330002 
91.320000 
91.510002 
91.629997 
91.800003 
91.779999 
91.820000 
91.910004 
91.980003 
92.160004 
92.279999 
92.269997 
92.239998 
92.330002 
92.410004 
92.470001 
92.599998 
92.720001 
92.830002 
92.800003 
92.830002 
92.870003 
93.010002 
93.180000 
93.269997 
93.070000 
93.309998 
93.339996 
93.599998 
93.510002 
93.480003 
93.470001 
93.610001 
93.599998 
93.709999 
93.730003 
93.800003 
93.720001 
93.930000 
93.900002 
93.849998 
94.059998 
94.050003 
93.940002 
94.209999 
94.180000 
94.269997 
94.220001 
94.250000 
94.230003 
94.389999 
94.449997 
94.519997 
94.589996 
94.480003 
94.610001 
94.610001 
94.580002 
94.709999 
94.629997 
94.669998 
94.669998 
94.769997 
94.750000 
94.879997 
94.690002 
95.019997 
94.779999 
94.949997 
95.000000 
95.029999 
95.059998 
95.010002 
95.160004 
95.099998 
95.129997 
95.059998 
95.059998 
95.059998 
95.169998 
95.099998 
95.239998 
95.260002 
95.309998 
95.410004 
95.459999 
95.440002 
95.339996 
95.309998 
95.370003 
95.349998 
95.610001 
95.550003 
95.559998 
95.680000 
95.480003 
95.680000 
95.589996 
95.669998 
95.820000 
95.709999 
95.709999 
95.750000 
95.790001 
95.839996 
95.760002 
95.809998 
95.870003 
95.910004 
95.949997 
95.930000 
95.919998 
95.919998 
95.930000 
96.019997 
96.050003 
95.989998 
96.059998 
95.930000 
96.059998 
96.029999 
96.070000 
96.129997 
96.139999 
96.070000 
96.099998 
96.110001 
95.989998 
96.029999 
96.070000 
96.180000 
96.160004 
96.160004 
96.220001 
96.120003 
96.139999 
96.199997 
96.260002 
96.199997 
96.139999 
96.260002 
96.279999 
96.300003 
96.290001 
96.290001 
96.330002 
96.419998 
96.459999 
96.309998 
96.440002 
96.389999 
96.389999 
96.330002 
96.480003 
96.339996 
96.410004 
96.419998 
96.379997 
96.430000 
96.570000 
96.500000 
96.489998 
96.559998 
96.529999 
96.510002 
96.529999 
96.519997 
96.570000 
96.599998 
96.610001 
96.599998 
96.669998 
96.639999 
96.629997 
96.720001 
96.690002 
96.730003 
96.639999 
96.720001 
96.660004 
96.589996 
96.709999 
96.800003 
96.769997 
96.800003 
96.760002 
96.709999 
96.839996 
96.809998 
96.830002 
96.870003 
96.820000 
96.839996 
96.860001 
96.930000 
96.730003 
96.870003 
96.839996 
96.940002 
96.900002 
96.900002 
96.860001 
96.919998 
96.870003 
96.839996 
96.839996 
96.930000 
96.910004 
96.959999 
96.870003 
96.980003 
96.919998 
96.919998 
96.970001 
96.970001 
97.019997 
97.010002 
96.980003 
97.070000 
97.089996 
97.070000 
97.120003 
97.080002 
97.040001 
97.080002 
97.010002 
97.029999 
97.070000 
97.110001 
97.050003 
97.129997 
97.089996 
97.040001 
97.099998 
97.150002 
97.120003 
97.129997 
97.099998 
97.180000 
97.150002 
97.180000 
97.209999 
97.129997 
97.139999 
97.150002 
97.099998 
97.190002 
97.120003 
97.180000 
97.180000 
97.089996 
97.120003 
97.169998 
97.230003 
97.320000 
97.199997 
97.169998 
97.230003 
97.260002 
97.250000 
97.220001 
97.230003 
97.279999 
97.160004 
97.220001 
97.209999 
97.269997 
97.209999 
97.290001 
97.269997 
97.199997 
97.279999 
97.250000 
97.260002 
97.279999 
97.290001 
97.269997 
97.230003 
97.300003 
97.220001 
97.239998 
97.239998 
97.320000 
97.279999 
97.320000 
97.389999 
97.330002 
97.320000 
97.339996 
97.370003 
97.339996 
97.279999 
97.309998 
97.320000 
97.360001 
97.349998 
97.320000 
97.330002 
97.320000 
97.360001 
97.269997 
97.309998 
97.389999 
97.349998 
97.400002 
97.430000 
97.379997 
97.389999 
97.379997 
97.349998 
97.349998 
97.379997 
97.410004 
97.430000 
97.430000 
97.400002 
97.419998 
97.430000 
97.419998 
97.440002 
97.459999 
97.540001 
97.519997 
97.470001 
97.419998 
97.470001 
97.510002 
97.540001 
97.550003 
97.500000 
97.419998 
97.449997 
97.529999 
97.430000 
97.449997 
97.550003 
97.480003 
97.470001 
97.489998 
97.430000 
97.510002 
97.470001 
97.519997 
97.500000 
97.519997 
97.580002 
97.570000 
97.540001 
97.599998 
97.550003 
97.529999 
97.500000 
97.510002 
97.620003 
97.559998 
97.639999 
97.620003 
97.580002 
97.589996 
97.580002 
97.559998 
97.540001 
97.650002 
97.629997 
97.620003 
97.620003 
97.629997 
97.690002 
97.660004 
97.660004 
97.599998 
97.639999 
97.599998 
97.690002 
97.650002 
97.610001 
97.669998 
97.660004 
97.730003 
97.739998 
97.730003 
97.739998 
97.709999 
97.669998 
97.709999 
97.690002 
97.660004 
97.790001 
97.680000 
97.699997 
97.639999 
97.660004 
97.769997 
97.730003 
97.699997 
97.750000 
97.690002 
97.769997 
97.730003 
97.750000 
97.739998 
97.779999 
97.750000 
97.790001 
97.790001 
97.760002 
97.860001 
97.809998 
97.760002 
97.790001 
97.769997 
97.739998 
97.760002 
97.800003 
97.750000 
97.800003 
97.839996 
97.779999 
97.800003 
97.800003 
97.790001 
97.849998 
97.839996 
97.800003 
97.849998 
97.870003 
97.849998 
97.830002 
97.830002 
97.820000 
97.889999 
97.809998 
97.809998 
97.820000 
97.870003 
97.699997 
97.769997 
97.790001 
97.779999 
97.790001 
97.750000 
97.820000 
97.839996 
97.750000 
97.839996 
97.790001 
97.839996 
97.860001 
97.779999 
97.809998 
97.820000 
97.790001 
97.800003 
97.809998 
97.839996 
97.820000 
97.809998 
97.900002 
97.860001 
97.839996 
97.910004 
97.839996 
97.849998 
97.809998 
9.680000 
9.870000 
10.070000 
10.280000 
10.450000 
10.660000 
10.860000 
11.030000 
11.320000 
11.550000 
11.730000 
11.920000 
12.120000 
12.390000 
12.600000 
12.830000 
13.140000 
13.290000 
13.470000 
13.760000 
13.920000 
14.020000 
14.130000 
14.180000 
14.290000 
14.500000 
14.850000 
15.290000 
15.560000 
15.860000 
16.230000 
16.469999 
16.830000 
17.049999 
17.540001 
18.100000 
18.540001 
18.930000 
19.719999 
20.290001 
20.709999 
21.420000 
21.750000 
22.280001 
22.650000 
23.190001 
23.850000 
24.370001 
24.969999 
25.740000 
26.480000 
27.040001 
27.719999 
28.250000 
28.760000 
29.530001 
30.160000 
30.879999 
31.129999 
31.980000 
32.470001 
32.980000 
33.660000 
34.240002 
34.830002 
35.279999 
36.119999 
36.520000 
36.779999 
37.250000 
37.980000 
38.540001 
39.340000 
39.840000 
40.209999 
40.700001 
40.880001 
41.299999 
41.570000 
42.020000 
42.709999 
42.880001 
43.439999 
43.770000 
44.279999 
45.000000 
45.299999 
45.740002 
46.240002 
46.840000 
47.389999 
47.910000 
48.290001 
48.709999 
49.060001 
49.439999 
49.630001 
49.810001 
50.160000 
50.509998 
50.599998 
51.040001 
51.169998 
51.650002 
51.990002 
52.090000 
52.369999 
52.580002 
53.090000 
53.450001 
53.880001 
54.330002 
54.660000 
55.049999 
55.340000 
55.490002 
55.779999 
56.099998 
56.349998 
56.790001 
57.250000 
57.660000 
57.880001 
58.080002 
58.230000 
58.400002 
58.610001 
58.820000 
59.230000 
59.330002 
59.540001 
59.689999 
59.610001 
59.910000 
60.099998 
60.240002 
60.590000 
60.740002 
60.860001 
60.810001 
61.279999 
61.669998 
61.919998 
62.049999 
62.240002 
62.549999 
62.990002 
63.240002 
63.320000 
63.360001 
63.650002 
63.950001 
64.029999 
64.430000 
64.660004 
64.339996 
64.519997 
65.000000 
65.239998 
65.529999 
65.739998 
65.730003 
65.970001 
66.139999 
66.320000 
66.580002 
66.839996 
66.779999 
66.809998 
66.959999 
67.250000 
67.650002 
67.690002 
67.790001 
68.080002 
68.279999 
68.440002 
68.800003 
68.870003 
69.010002 
69.580002 
69.669998 
69.599998 
70.040001 
70.290001 
70.370003 
70.510002 
70.739998 
70.849998 
70.980003 
71.379997 
71.589996 
71.570000 
71.699997 
71.959999 
72.129997 
72.150002 
72.220001 
72.360001 
72.720001 
73.070000 
73.059998 
73.239998 
73.230003 
73.510002 
73.709999 
73.940002 
74.110001 
74.419998 
74.730003 
74.820000 
75.050003 
75.150002 
75.089996 
75.309998 
75.349998 
75.570000 
75.599998 
75.849998 
76.019997 
76.220001 
76.430000 
76.529999 
76.750000 
76.940002 
77.070000 
77.029999 
77.120003 
77.180000 
77.230003 
77.470001 
77.480003 
77.720001 
77.769997 
77.830002 
77.849998 
78.230003 
78.349998 
78.339996 
78.410004 
78.589996 
78.629997 
78.949997 
78.849998 
78.930000 
78.900002 
79.120003 
79.180000 
79.250000 
79.370003 
79.470001 
79.629997 
79.760002 
79.820000 
79.870003 
79.860001 
79.900002 
79.940002 
79.940002 
79.900002 
80.180000 
80.330002 
80.330002 
80.440002 
80.519997 
80.570000 
80.570000 
80.750000 
80.820000 
80.760002 
80.879997 
80.940002 
81.110001 
81.059998 
81.110001 
81.129997 
81.279999 
81.430000 
81.529999 
81.570000 
81.580002 
81.620003 
81.750000 
81.879997 
81.919998 
82.019997 
82.089996 
82.120003 
82.139999 
82.150002 
82.239998 
82.230003 
82.410004 
82.470001 
82.410004 
82.449997 
82.489998 
82.629997 
82.639999 
82.610001 
82.580002 
82.620003 
82.669998 
82.790001 
82.750000 
82.809998 
82.750000 
82.879997 
82.900002 
82.879997 
82.949997 
83.070000 
83.139999 
83.110001 
83.239998 
83.320000 
83.410004 
83.410004 
83.449997 
83.419998 
83.529999 
83.639999 
83.629997 
83.660004 
83.739998 
83.790001 
83.809998 
83.769997 
83.769997 
83.839996 
83.849998 
83.910004 
83.919998 
83.839996 
83.970001 
84.019997 
84.070000 
84.089996 
84.199997 
84.199997 
84.330002 
84.379997 
84.300003 
84.379997 
84.360001 
84.349998 
84.320000 
84.500000 
84.580002 
84.610001 
84.669998 
84.720001 
84.720001 
84.820000 
84.800003 
84.739998 
84.739998 
84.820000 
84.900002 
84.860001 
84.919998 
84.870003 
84.940002 
84.889999 
85.059998 
85.199997 
85.099998 
85.180000 
85.220001 
85.330002 
85.349998 
85.370003 
85.330002 
85.309998 
85.239998 
85.349998 
85.410004 
85.550003 
85.669998 
85.620003 
85.709999 
85.680000 
85.699997 
85.779999 
85.769997 
85.919998 
85.870003 
85.949997 
85.970001 
85.949997 
86.059998 
86.099998 
86.150002 
86.169998 
86.180000 
86.230003 
86.199997 
86.169998 
86.269997 
86.180000 
86.269997 
86.269997 
86.300003 
86.410004 
86.500000 
86.470001 
86.470001 
86.480003 
86.589996 
86.559998 
86.489998 
86.580002 
86.610001 
86.669998 
86.830002 
86.870003 
86.750000 
86.760002 
86.760002 
86.750000 
86.919998 
86.779999 
86.720001 
86.650002 
86.709999 
86.739998 
86.750000 
86.750000 
86.769997 
86.910004 
86.959999 
87.019997 
86.910004 
86.980003 
87.000000 
86.949997 
86.970001 
86.930000 
87.019997 
87.129997 
87.180000 
87.269997 
87.260002 
87.129997 
87.250000 
87.250000 
87.209999 
87.260002 
87.309998 
87.360001 
87.419998 
87.339996 
87.370003 
87.430000 
87.440002 
87.430000 
87.459999 
87.470001 
87.550003 
87.669998 
87.610001 
87.599998 
87.680000 
87.660004 
87.680000 
87.629997 
87.750000 
87.680000 
87.680000 
87.739998 
87.690002 
87.650002 
87.639999 
87.720001 
87.750000 
87.830002 
87.760002 
87.809998 
87.790001 
87.860001 
87.830002 
87.809998 
87.849998 
87.889999 
87.910004 
88.010002 
88.110001 
88.169998 
88.050003 
88.000000 
88.000000 
88.089996 
88.139999 
88.129997 
88.120003 
88.110001 
88.180000 
88.120003 
88.250000 
88.160004 
