9.000000 
9.380000 
10.870000 
12.740000 
15.550000 
17.360001 
21.280001 
26.270000 
30.969999 
35.340000 
39.209999 
43.410000 
46.200001 
50.450001 
54.240002 
58.270000 
61.279999 
63.689999 
65.470001 
67.900002 
68.970001 
70.230003 
71.199997 
72.360001 
73.120003 
73.349998 
75.209999 
75.769997 
76.800003 
77.389999 
78.190002 
78.790001 
79.540001 
80.000000 
80.879997 
81.209999 
82.029999 
82.500000 
83.290001 
83.430000 
83.949997 
84.050003 
84.599998 
84.970001 
85.419998 
85.080002 
85.860001 
86.110001 
86.099998 
86.580002 
86.489998 
86.620003 
86.919998 
87.099998 
87.360001 
87.290001 
87.580002 
87.699997 
88.029999 
87.949997 
88.290001 
88.500000 
88.510002 
88.620003 
88.940002 
88.879997 
89.089996 
89.150002 
89.379997 
89.449997 
89.620003 
89.699997 
89.779999 
90.029999 
90.040001 
90.150002 
90.230003 
90.519997 
90.480003 
90.620003 
90.449997 
90.760002 
90.879997 
90.800003 
90.930000 
91.110001 
91.129997 
91.199997 
91.239998 
91.330002 
91.400002 
91.610001 
91.559998 
91.540001 
91.760002 
91.790001 
91.769997 
91.730003 
91.739998 
91.940002 
