39.119999 
70.610001 
76.889999 
82.480003 
86.779999 
88.529999 
89.580002 
90.150002 
91.320000 
91.800003 
92.260002 
92.540001 
92.930000 
93.230003 
93.790001 
93.900002 
94.180000 
94.419998 
94.519997 
94.620003 
95.000000 
94.980003 
95.190002 
95.449997 
95.320000 
95.529999 
95.510002 
95.669998 
95.760002 
96.019997 
96.010002 
96.000000 
96.129997 
96.120003 
96.260002 
96.230003 
96.269997 
96.360001 
96.519997 
96.639999 
96.550003 
96.620003 
96.589996 
96.760002 
96.680000 
96.919998 
96.760002 
96.800003 
96.889999 
96.919998 
97.000000 
96.940002 
96.959999 
97.010002 
97.080002 
97.040001 
97.029999 
97.099998 
97.160004 
97.169998 
97.190002 
97.230003 
97.209999 
97.250000 
97.360001 
97.230003 
97.320000 
97.349998 
97.370003 
97.400002 
97.449997 
97.459999 
97.440002 
97.489998 
97.430000 
97.500000 
97.500000 
97.550003 
97.550003 
97.589996 
97.589996 
97.529999 
97.580002 
97.610001 
97.660004 
97.680000 
97.650002 
97.629997 
97.650002 
97.669998 
97.629997 
97.639999 
97.730003 
97.760002 
97.769997 
97.660004 
97.699997 
97.720001 
97.720001 
97.730003 
