45.299999 
75.230003 
82.639999 
87.769997 
89.849998 
91.260002 
92.139999 
92.839996 
93.040001 
93.589996 
93.889999 
94.199997 
94.489998 
94.800003 
94.839996 
95.220001 
95.190002 
95.489998 
95.480003 
95.750000 
95.699997 
95.919998 
95.949997 
95.910004 
96.000000 
96.099998 
96.250000 
96.330002 
96.309998 
96.410004 
96.550003 
96.529999 
96.660004 
96.660004 
96.720001 
96.660004 
96.769997 
96.949997 
96.889999 
96.910004 
97.000000 
96.919998 
97.129997 
97.070000 
97.129997 
97.150002 
97.230003 
97.309998 
97.290001 
97.349998 
97.300003 
97.379997 
97.349998 
97.300003 
97.370003 
97.400002 
97.370003 
97.489998 
97.489998 
97.610001 
97.620003 
97.519997 
97.529999 
97.559998 
97.559998 
97.589996 
97.550003 
97.639999 
97.680000 
97.739998 
97.699997 
97.730003 
97.680000 
97.709999 
97.699997 
97.720001 
97.800003 
97.660004 
97.709999 
97.809998 
97.820000 
97.830002 
97.849998 
97.870003 
97.820000 
97.879997 
97.860001 
97.870003 
97.830002 
97.930000 
97.889999 
97.940002 
97.919998 
97.919998 
97.970001 
97.949997 
97.989998 
98.059998 
98.040001 
98.010002 
