   94.9600
   96.5000
   97.0300
   97.6000
   97.7200
   97.8300
   98.0100
   98.1200
   98.3000
   98.3600
   98.4900
   98.5000
   98.4800
   95.0000
   96.7000
   97.4600
   97.7000
   97.8600
   98.2000
   98.3300
   98.3100
   98.4600
   98.4600
   98.5800
   98.5900
   98.5700
   98.6000
   98.6600
   98.6800
   98.7900
   98.7500
   98.7900
   98.7100
   98.8800
   98.8500
   98.8000
   98.8200
   98.8600
   98.8900
   98.9100
   98.9400
   98.9800
   99.0000
   98.9600
   98.9300
   98.9200
   98.9600
   98.9600
   99.0200
   99.0000
   99.0700
   98.9800
   99.0500
   98.9800
   99.0200
   98.9700
   99.0400
   99.0100
   99.0000
   99.0200
   99.0500
   98.9200
   99.0100
   99.0200
   98.9400
   99.0000
   98.9700
   98.9900
   99.0100
   99.0800
   98.9500
   99.1100
   99.0100
   99.0500
   99.0800
   98.9800
   99.0400
   99.0500
   99.0900
   99.0400
   99.1000
   99.0300
   99.0200
   99.0200
   99.0200
   99.0200
   99.0700
   99.0300
   99.0800
   99.0800
   99.0200
   99.0300
   99.0800
   99.1000
   99.1100
   99.0900
   99.1000
   99.0900
   99.1000
   99.1400
   99.1500
   99.1400
   99.1600
   99.0600
   99.0300
   99.0200
   99.0600
   99.1000
   99.1200
   99.1300
   99.1700
   99.0900
   99.1400
   99.1100
   99.0900
   99.0500
   99.0400
   99.0500
   99.0900
   99.0500
   99.0800
   99.1700
   99.0700
   99.0900
   99.0800
   99.0900
   99.1300
   99.1400
   99.1400
   99.0700
   99.0400
   99.0800
   99.1000
   99.1000
   99.0900
   99.0900
   99.1300
   99.0600
   99.1400
   99.0800
   99.0600
   99.0600
   99.1900
   99.0900
   99.0900
   99.0900
   99.1200
   99.1400
   99.0700
   99.0700
   99.0500
   99.0900
   99.1500
   99.1000
   99.1100
   99.1600
   99.0700
   99.1200
   99.0700
   99.0700
   99.1000
   99.1300
   99.0600
   99.1600
   99.1400
   99.0800
   99.1000
   99.1400
   99.1200
   99.1500
   99.0700
   99.1200
   99.1100
   99.0500
   99.1200
   99.1500
   99.0900
   99.1300
   99.1200
   99.1200
   99.1400
   99.1100
   99.1300
   99.0800
   99.0800
   99.1400
   99.1700
   99.1000
   99.1100
   99.1800
   99.0900
   99.1800
   99.0400
   99.0700
   99.1100
   99.1300
   99.1700
   99.1400
   99.1300
   99.1900