   84.0600
   91.8200
   93.8700
   94.6300
   95.6200
   95.8000
   96.1600
   96.4100
   96.5100
   96.7000
   96.8800
   96.9500
   97.0300
   97.2300
   97.3200
   97.3400
   97.4900
   97.5300
   97.5200
   97.6300
   97.7800
   97.8400
   97.8100
   97.9200
   97.8400
   97.9600
   98.1300
   98.1100
   98.1800
   98.0900
   98.1500
   98.3200
   98.2800
   98.2300
   98.3100
   98.4100
   98.2900
   98.3700
   98.4800
   98.4400
   98.4400
   98.4900
   98.5400
   98.5200
   98.6100
   98.6000
   98.5900
   98.5200
   98.5800
   98.6100
   98.6400
   98.6200
   98.5400
   98.6400
   98.5600
   98.6400
   98.6900
   98.6100
   98.6200
   98.6300
   98.5700
   98.5600
   98.6100
   98.5800
   98.6500
   98.7100
   98.6500
   98.7300
   98.7000
   98.7400
   98.7400
   98.7100
   98.7500
   98.7700
   98.7800
   98.7300
   98.7200
   98.7600
   98.7200
   98.7600
   98.8300
   98.7600
   98.6400
   98.7100
   98.7300
   98.7200
   98.7900
   98.7000
   98.7400
   98.7200
   98.7500
   98.6900
   98.7000
   98.7600
   98.7300
   98.6500
   98.7900
   98.7700
   98.7600
   98.7600
   98.8100
   98.7800
   98.8600
   98.8900
   98.8300
   98.8400
   98.7800
   98.8700
   98.8200
   98.8600
   98.7800
   98.8400
   98.9400
   98.8300
   98.8000
   98.8600
   98.7700
   98.8700
   98.8600
   98.9300
   98.9400
   98.8100
   98.7900
   98.8500
   98.9100
   98.8800
   98.8500
   98.8400
   98.7800
   98.8300
   98.8100
   98.8400
   98.8600
   98.9300
   98.8600
   98.9200
   98.8400
   98.8700
   98.9500
   98.8700
   98.8600
   98.9300
   98.8800
   98.9500
   98.9900
   98.9700
   98.9100
   98.9700
   98.8600
   98.9800
   98.9400
   98.8600
   98.8600
   98.8700
   98.9100
   98.9500
   98.9100
   98.9000
   98.8400
   98.9100
   98.9000
   98.9100
   98.9200
   98.9300
   98.9000
   98.9200
   98.9300
   98.9800
   98.9800
   98.9500
   98.9600
   98.9400
   98.9200
   98.9700
   98.9800
   98.9200
   98.9500
   98.9500
   98.9400
   98.9600
   99.0100
   98.9500
   98.9500
   98.9600
   98.9100
   98.9500
   98.9100
   98.9200
   99.0000
   98.9600
   98.9700
   98.9800
   98.9400
   99.0000
   98.9300
   99.0200
   99.0500
   99.0700
   98.9900
   99.0000