   95.9500
   97.3200
   97.5600
   97.9700
   98.1300
   98.2700
   98.4800
   98.4600
   98.5400
   98.6500
   98.6700
   98.7300
   98.7300
   98.8400
   98.7600
   98.8700
   98.9200
   98.9200
   98.9000
   98.9400
   98.9200
   99.0000
   98.9500
   99.0400
   99.0300
   98.9700
   98.9500
   98.9900
   99.0200
   99.0300
   99.0400
   98.9800
   99.0700
   98.9800
   99.0500
   99.0000
   99.0700
   99.0700
   99.0300
   99.0700
   99.1200
   99.0900
   99.1500
   99.0800
   99.0900
   99.1200
   99.0800
   99.1000
   99.1700
   99.1300
   99.1500
   99.1900
   99.2200
   99.0900
   99.1300
   99.1400
   99.1000
   99.1400
   99.1300
   99.0800
   99.1900
   99.1400
   99.1900
   99.1300
   99.2200
   99.1700
   99.1100
   99.1700
   99.2300
   99.1800
   99.1500
   99.1700
   99.1800
   99.2400
   99.2400
   99.2100
   99.1700
   99.1800
   99.1800
   99.2200
   99.2700
   99.2400
   99.2400
   99.2200
   99.2300
   99.2400
   99.3100
   99.2400
   99.2100
   99.2300
   99.1900
   99.2200
   99.2200
   99.2100
   99.2400
   99.2400
   99.2300
   99.2000
   99.2100
   99.2400
   99.1900
   99.2500
   99.2200
   99.2800
   99.1800
   99.2400
   99.2300
   99.2500
   99.2300
   99.2300
   99.2400
   99.2200
   99.2300
   99.2700
   99.2300
   99.2500
   99.2400
   99.2600
   99.2000
   99.2500
   99.2300
   99.2200
   99.2000
   99.2300
   99.2600
   99.2600
   99.2600
   99.2400
   99.2100
   99.2500
   99.2200
   99.1900
   99.2500
   99.1900
   99.2100
   99.2300
   99.2800
   99.2200
   99.2900
   99.2500
   99.2300
   99.2600
   99.2400
   99.2100
   99.2700
   99.2500
   99.2600
   99.2400
   99.2100
   99.2200
   99.2600
   99.2600
   99.2500
   99.2500
   99.2400
   99.2500
   99.2400
   99.2300
   99.1900
   99.2600
   99.2100
   99.1900
   99.2700
   99.2100
   99.2200
   99.2100
   99.2000
   99.2000
   99.1500
   99.2000
   99.2500
   99.2800
   99.2300
   99.2200
   99.2500
   99.2600
   99.2400
   99.2100
   99.2400
   99.2400
   99.2700
   99.2400
   99.2500
   99.2700
   99.2700
   99.2400
   99.1800
   99.2400
   99.2500
   99.2300
   99.2200
   99.2200
   99.2600
   99.2000
   99.2600
   99.2400
   99.2400
   99.2400
   99.2300
   99.2500