   87.8900
   91.9900
   93.8000
   94.7500
   95.5400
   95.9900
   96.2300
   96.6700
   96.7300
   96.9500
   97.1300
   97.5200
   97.5400
   97.5900
   97.6100
   97.7500
   97.8300
   97.9900
   98.0400
   98.1900
   98.1900
   98.2500
   98.2300
   98.2500
   98.2900
   98.3400
   98.3500
   98.3400
   98.4600
   98.4900
   98.5000
   98.5200
   98.5500
   98.5900
   98.6400
   98.5800
   98.6300
   98.6600
   98.7000
   98.6800
   98.7000
   98.7200
   98.6600
   98.7600
   98.6700
   98.7200
   98.7400
   98.7100
   98.7600
   98.8000
   98.6900
   98.7400
   98.7000
   98.7900
   98.7900
   98.7900
   98.9400
   98.8800
   98.8200
   98.8700
   98.7800
   98.9000
   98.8600
   98.8700
   98.8900
   98.9900
   98.9000
   98.9400
   98.9200
   98.9100
   98.9200
   99.0400
   98.9900
   99.0000
   98.9700
   99.0100
   98.9700
   98.9900
   99.0000
   98.9900
   98.9800
   99.0000
   99.0500
   99.0600
   99.0200
   99.0400
   98.9300
   99.0300
   99.0400
   99.1100
   99.0200
   99.1200
   99.1000
   99.1000
   99.0600
   99.0200
   99.1300
   99.1100
   99.1000
   99.1500
   99.1200
   99.0800
   99.1000
   99.1300
   99.0900
   99.1200
   99.1400
   99.1800
   99.0800
   99.1400
   99.1800
   99.1000
   99.1500
   99.1600
   99.1300
   99.1500
   99.1700
   99.2000
   99.1100
   99.1400
   99.1700
   99.1100
   99.1900
   99.1800
   99.1800
   99.1200
   99.1600
   99.1400
   99.2000
   99.1800
   99.1200
   99.1900
   99.1500
   99.2100
   99.2100
   99.1900
   99.1700
   99.1800
   99.1900
   99.2100
   99.1900
   99.2100
   99.1900
   99.1900
   99.1500
   99.1600
   99.1600
   99.1900
   99.1500
   99.1300
   99.1300
   99.1500
   99.1800
   99.2100
   99.1900
   99.2200
   99.2700
   99.1800
   99.2000
   99.1700
   99.2400
   99.2400
   99.2000
   99.2300
   99.2300
   99.1900
   99.2600
   99.1500
   99.1800
   99.2100
   99.2300
   99.1800
   99.1700
   99.2300
   99.2200
   99.1900
   99.2200
   99.2300
   99.1900
   99.2400
   99.1700
   99.2200
   99.2400
   99.1600
   99.2100
   99.2000
   99.2300
   99.2500
   99.2300
   99.2600
   99.2300
   99.2100
   99.2100
   99.2300
   99.2400
   99.2300
   99.1900
   99.2400
   99.2200
   99.2100