    7.8400
   10.9200
   13.5500
   15.8300
   18.7400
   21.5000
   24.4500
   27.2400
   29.7900
   33.1900
   36.4800
   40.5900
   44.1700
   46.8600
   47.6900
   48.3100
   48.6800
   48.9600
   48.6400
   49.0100
   50.0400
   51.1500
   51.8500
   52.5600
   53.9900
   56.6100
   58.9300
   61.0500
   62.1700
   64.7700
   66.9300
   68.4200
   69.7600
   71.1000
   72.9400
   74.3600
   75.8600
   76.5500
   78.1000
   78.7100
   79.1800
   80.4200
   81.0900
   81.6300
   82.3600
   82.9200
   83.4000
   83.8800
   84.1300
   84.4000
   84.6500
   85.0400
   85.2800
   85.3800
   85.7400
   86.0000
   86.3300
   86.3300
   86.6300
   86.6100
   86.9600
   87.1800
   87.4900
   87.4700
   87.7800
   87.9300
   87.9800
   88.2900
   88.4600
   88.6400
   88.5000
   88.7600
   88.8400
   88.8900
   89.0900
   89.0100
   89.1700
   89.2400
   89.4000
   89.3000
   89.6100
   89.6900
   89.6600
   89.7700
   89.9200
   90.0500
   90.0900
   90.0600
   90.2400
   90.3100
   90.2400
   90.4300
   90.3900
   90.4700
   90.6000
   90.6400
   90.4800
   90.7700
   90.9100
   91.0000
   91.0600
   91.1500
   91.2200
   91.1800
   91.3100
   91.2600
   91.4400
   91.4800
   91.4900
   91.5800
   91.6000
   91.5800
   91.5700
   91.7300
   91.8200
   91.8600
   91.7900
   91.9600
   91.9200
   91.8600
   92.0000
   92.0100
   92.1700
   92.0700
   92.2600
   92.2700
   92.2700
   92.2300
   92.3600
   92.4600
   92.3400
   92.4400
   92.4400
   92.5500
   92.4700
   92.6400
   92.5600
   92.5500
   92.5800
   92.6500
   92.7200
   92.6700
   92.7400
   92.8100
   92.7100
   92.7900
   92.8500
   92.7800
   92.8700
   92.9900
   92.9400
   92.9800
   93.0200
   93.0200
   93.0800
   93.0500
   93.0700
   93.1300
   93.1400
   93.1800
   93.1300
   93.1700
   93.1800
   93.2400
   93.2400
   93.3000
   93.4500
   93.3600
   93.4800
   93.3900
   93.5200
   93.5000
   93.6000
   93.4600
   93.5300
   93.5400
   93.5800
   93.5200
   93.5500
   93.6200
   93.6600
   93.7300
   93.6200
   93.7000
   93.7200
   93.7900
   93.7700
   93.7100
   93.7600
   93.7300
   93.7500
   93.7800
   93.7900
   93.8100
   93.8200
   93.9000
   93.9700
   93.9100
   94.0100
   94.0000