86.709999 
92.260002 
93.790001 
94.919998 
95.419998 
95.790001 
96.169998 
96.470001 
96.589996 
96.699997 
96.930000 
97.059998 
97.110001 
97.320000 
97.330002 
97.449997 
97.470001 
97.580002 
97.610001 
97.650002 
97.620003 
97.669998 
97.849998 
97.779999 
97.820000 
97.949997 
97.910004 
97.930000 
97.959999 
97.970001 
97.989998 
98.089996 
98.089996 
98.129997 
98.199997 
98.250000 
98.239998 
98.190002 
98.250000 
98.330002 
98.349998 
98.279999 
98.360001 
98.339996 
98.349998 
98.370003 
98.389999 
98.389999 
98.480003 
98.480003 
98.419998 
98.489998 
98.440002 
98.500000 
98.570000 
98.599998 
98.519997 
98.589996 
98.500000 
98.570000 
98.650002 
98.620003 
98.680000 
98.599998 
98.639999 
98.690002 
98.690002 
98.680000 
98.699997 
98.669998 
98.620003 
98.650002 
98.690002 
98.680000 
98.720001 
98.720001 
98.790001 
98.769997 
98.760002 
98.760002 
98.709999 
98.820000 
98.779999 
98.849998 
98.820000 
98.800003 
98.760002 
98.779999 
98.839996 
98.820000 
98.820000 
98.779999 
98.790001 
98.790001 
98.830002 
98.820000 
98.870003 
98.889999 
98.839996 
98.879997 
