14.310000 
14.630000 
14.860000 
14.950000 
15.070000 
15.310000 
15.460000 
15.420000 
15.610000 
15.790000 
15.780000 
15.940000 
16.040001 
16.070000 
16.129999 
16.170000 
16.299999 
16.280001 
16.330000 
16.379999 
16.440001 
16.500000 
16.530001 
16.540001 
16.600000 
16.590000 
16.680000 
16.790001 
16.790001 
16.860001 
16.969999 
17.030001 
17.080000 
17.100000 
17.160000 
17.230000 
17.219999 
17.299999 
17.480000 
17.520000 
17.620001 
17.639999 
17.719999 
17.830000 
18.059999 
18.160000 
18.209999 
18.299999 
18.370001 
18.639999 
18.680000 
18.850000 
18.959999 
19.180000 
19.280001 
19.430000 
19.480000 
19.590000 
19.700001 
19.820000 
19.940001 
20.090000 
20.290001 
20.370001 
20.549999 
20.809999 
21.100000 
21.250000 
21.270000 
21.459999 
21.549999 
21.680000 
21.930000 
22.090000 
22.209999 
22.340000 
22.570000 
22.690001 
22.940001 
23.100000 
23.270000 
23.430000 
23.709999 
24.000000 
24.080000 
24.209999 
24.340000 
24.459999 
24.750000 
24.910000 
25.219999 
25.320000 
25.510000 
25.680000 
25.850000 
26.070000 
26.350000 
26.709999 
27.030001 
27.360001 
