18.45
27.98
46.89
60.18
67.69
73.72
78.86
82.01
84.14
85.21
86.19
86.98
87.35
88.46
88.89
89.41
89.82
90.14
90.57
90.88
90.95
91.23
91.45
91.71
91.76
92.01
92.17
92.44
92.77
92.82
92.88
93.09
93.18
93.32
93.42
93.63
93.7
93.83
93.92
94.02
94.09
94.2
94.31
94.26
94.35
94.46
94.43
94.58
94.64
94.68
94.74
94.76
94.9
94.92
94.92
95.0
95.01
95.05
95.2
95.34
95.25
95.26
95.34
95.34
95.39
95.54
95.54
95.61
95.6
95.57
95.77
95.74
95.73
95.89
95.92
95.96
95.93
95.97
96.1
96.12
96.16
96.2
96.25
96.26
96.32
96.38
96.37
96.31
96.45
96.41
96.38
96.54
96.52
96.63
96.59
96.69
96.6
96.67
96.66
96.7
96.75
96.74
96.74
96.88
96.79
96.75
96.87
96.91
96.92
96.95
96.91
96.95
97.0
96.98
97.06
97.1
97.09
97.03
97.03
97.0
97.15
97.14
97.11
97.05
97.19
97.15
97.18
97.24
97.14
97.23
97.25
97.23
97.28
97.3
97.36
97.36
97.24
97.25
97.34
97.37
97.43
97.4
97.4
97.39
97.42
97.39
97.41
97.41
97.44
97.48
97.53
97.46
97.5
97.46
97.44
97.51
97.5
97.5
97.54
97.56
97.55
97.65
97.53
97.64
97.64
97.6
97.58
97.65
97.64
97.61
97.56
97.61
97.6
97.66
97.69
97.62
97.65
97.67
97.62
97.71
97.71
97.74
97.79
97.73
97.68
97.66
97.81
97.77
97.81
97.76
97.76
97.76
97.86
97.77
97.81
97.79
97.75
97.76
97.78
97.84
97.75
97.77
97.79
97.81
97.83
97.78
97.84
97.84
97.84
97.87
97.82
97.83
97.88
97.83
97.86
97.9
97.92
97.92
97.9
97.86
97.92
97.92
97.9
97.92
97.89
97.92
97.89
97.98
97.95
97.93
97.94
97.94
98.0
97.98
98.05
97.96
97.99
98.05
98.03
98.03
98.01
98.04
98.06
98.02
98.02
98.04
98.02
98.01
98.03
98.06
98.05
98.07
98.06
98.06
98.03
98.11
98.1
98.08
98.06
98.08
98.07
98.08
98.06
98.09
98.07
98.09
98.07
98.12
98.1
98.13
98.12
98.11
98.07
98.11
98.11
98.1
98.17
98.12
98.1
98.1
98.16
98.15
98.17
98.13
98.16
98.13
98.13
98.15
98.18
98.1
98.16
98.16
98.14
98.14
98.17
98.18
98.2
98.23
98.18
98.2
98.18
98.22
98.21
98.19
98.24
98.16
98.18
98.23
98.18
98.24
98.23
98.21
98.2
98.21
98.23
98.22
98.23
98.25
98.22
98.22
98.27
98.22
98.23
98.25
98.28
98.23
98.25
98.29
98.28
98.27
98.26
98.25
98.24
98.27
98.28
98.25
98.29
98.29
98.33
98.26
98.29
98.29
98.27
98.24
98.3
98.27
98.33
98.3
98.3
98.28
98.32
98.29
98.31
98.33
98.28
98.29
98.25
98.3
98.35
98.3
98.34
98.32
98.32
98.36
98.39
98.36
98.36
98.33
98.29
98.33
98.37
98.36
98.36
98.37
98.37
98.36
98.38
98.36
98.35
98.39
98.43
98.35
98.39
98.41
98.38
98.41
98.36
98.37
98.33
98.38
98.38
98.37
98.38
98.39
98.4
98.41
98.4
98.41
98.4
98.39
98.42
98.42
98.4
98.41
98.43
98.44
98.42
98.44
98.4
98.43
98.45
98.43
98.43
98.45
98.43
98.42
98.47
98.44
98.45
98.45
98.46
98.46
98.49
98.45
98.44
98.46
98.44
98.44
98.44
98.42
98.45
98.45
98.44
98.46
98.46
98.47
98.44
98.44
98.45
98.46
98.42
98.43
98.44
98.48
98.46
98.46
98.44
98.47
98.44
98.47
98.47
98.45
98.47
98.48
98.49
98.47
98.51
98.44
98.48
98.46
98.51
98.49
98.47
98.48
98.48
98.48
98.51
98.47
98.48
98.49
98.48
98.49
98.51
98.46
98.5
98.49
98.5
98.48
98.47
98.5
98.48
98.5
98.52
98.49
98.53
98.5
98.52
98.51
98.5
98.52
98.51
98.49
98.52
98.48
98.56
98.5
98.52
98.53
98.51
98.55
