95.21
96.66
97.35
97.83
97.98
98.3
98.27
98.31
98.47
98.59
98.62
98.62
98.65
98.72
98.71
98.74
98.8
98.78
98.84
98.8
98.8
98.86
98.83
98.84
98.88
98.84
98.89
98.93
98.91
98.89
98.9
98.9
98.93
98.99
98.92
99.01
98.96
98.97
99.02
98.93
98.97
99.03
98.95
98.99
99.02
99.05
99.06
99.02
99.01
99.02
99.12
99.08
99.04
99.08
99.07
99.06
99.12
99.02
99.07
99.08
99.03
99.08
99.11
99.08
99.1
99.1
99.03
99.11
98.98
99.05
99.09
99.1
99.01
99.09
99.1
99.04
99.14
99.13
99.04
99.07
99.06
99.1
99.09
99.09
99.11
99.16
99.07
99.15
99.08
99.13
99.1
99.15
99.14
99.13
99.15
99.19
99.14
99.16
99.12
99.11
99.19
99.2
99.15
99.12
99.13
99.07
99.15
99.15
99.16
99.17
99.17
99.15
99.12
99.16
99.21
99.15
99.15
99.14
99.19
99.15
99.13
99.18
99.18
99.13
99.16
99.09
99.09
99.13
99.12
99.08
99.15
99.15
99.18
99.14
99.1
99.13
99.09
99.15
99.1
99.14
99.16
99.17
99.08
99.17
99.15
99.15
99.13
99.15
99.19
99.17
99.22
99.15
99.15
99.17
99.24
99.14
99.18
99.16
99.18
99.12
99.23
99.17
99.19
99.17
99.2
99.13
99.17
99.17
99.2
99.16
99.18
99.13
99.14
99.17
99.13
99.13
99.11
99.18
99.11
99.18
99.16
99.14
99.16
99.17
99.21
99.14
99.1
99.19
99.2
99.17
99.21
99.12
99.14
99.18
99.18
99.1
99.16
99.16
99.17
99.12
99.19
99.13
99.11
99.19
99.21
99.12
99.13
99.16
99.18
99.1
99.2
99.23
99.21
99.2
99.18
99.2
99.17
99.14
99.1
99.11
99.21
99.17
99.21
99.27
99.21
99.19
99.2
99.15
99.24
99.19
99.18
99.16
99.1
99.16
99.14
99.22
99.19
99.19
99.22
99.25
99.22
99.21
99.22
99.19
99.17
99.18
99.23
99.15
99.11
99.15
99.28
99.22
99.18
99.2
99.23
99.21
99.18
99.24
99.22
99.21
99.23
99.19
99.19
99.21
99.26
99.23
99.24
99.19
99.22
99.24
99.22
99.14
99.23
99.2
99.16
99.19
99.19
99.16
99.18
99.2
99.25
99.24
99.15
99.22
99.18
99.22
99.19
99.18
99.23
99.23
99.19
99.22
99.21
99.21
99.23
99.25
99.27
99.26
99.18
99.23
99.28
99.27
99.24
99.21
99.25
99.25
99.24
99.29
99.27
99.21
99.23
99.22
99.27
99.24
99.17
99.17
99.22
99.26
99.17
99.25
99.3
99.25
99.28
99.27
99.23
99.23
99.23
99.27
99.28
99.22
99.16
99.26
99.27
99.24
99.26
99.3
99.24
99.28
99.21
99.25
99.29
99.25
99.23
99.24
99.24
99.2
99.29
99.24
99.31
99.25
99.21
99.27
99.26
99.23
99.25
99.31
99.32
99.29
99.22
99.22
99.26
99.25
99.27
99.29
99.26
99.26
99.27
99.3
99.26
99.24
99.31
99.24
99.28
99.26
99.29
99.3
99.2
99.26
99.26
99.26
99.26
99.23
99.2
99.26
99.24
99.21
99.23
99.22
99.28
99.26
99.31
99.27
99.29
99.24
99.3
99.27
99.25
99.2
99.23
99.3
99.29
99.27
99.27
99.26
99.34
99.29
99.26
99.28
99.29
99.26
99.24
99.23
99.26
99.27
99.25
99.31
99.28
99.32
99.22
99.23
99.24
99.19
99.16
99.22
99.17
99.28
99.21
99.25
99.31
99.2
99.23
99.19
99.27
99.27
99.29
99.31
99.3
99.31
99.34
99.3
99.26
99.25
99.3
99.29
99.24
99.27
99.24
99.26
99.25
99.27
99.25
99.19
99.26
99.29
99.24
99.28
99.25
99.28
99.29
99.24
99.28
99.29
99.26
99.3
99.28
99.25
99.24
99.28
99.32
99.29
99.27
99.3
99.31
99.25
99.26
99.22
99.24
99.28
99.26
99.22
99.26
99.33
99.29
99.26
99.26
99.28
99.3
99.27
99.3
99.27
99.26
99.27
99.24
99.27
99.19
99.29
99.24
99.23
99.24
99.24
