15.87
17.25
19.6
22.59
26.96
30.86
34.57
38.72
42.95
47.1
51.06
55.05
57.99
59.65
61.52
63.04
64.32
65.46
66.49
67.13
67.59
67.87
68.04
68.88
69.55
70.01
70.6
71.58
72.47
73.77
73.78
75.47
76.18
77.11
77.65
78.67
80.0
80.34
80.7
81.4
81.71
82.98
83.29
83.17
84.3
83.96
84.66
84.74
84.89
85.59
85.93
85.77
86.33
86.48
86.75
86.7
86.78
87.28
87.28
87.38
87.77
87.83
87.82
87.93
88.07
88.29
88.38
88.44
88.59
88.7
88.81
88.96
88.95
89.18
89.08
89.24
89.2
89.29
89.64
89.6
89.63
89.82
89.92
89.87
90.11
90.19
90.19
90.17
90.19
90.34
90.46
90.53
90.52
90.77
90.68
90.7
90.9
90.89
91.07
91.11
91.0
91.35
91.15
91.44
91.41
91.46
91.56
91.57
91.57
91.73
91.71
91.73
91.89
91.87
91.88
91.92
91.96
91.93
92.01
92.06
92.1
92.11
92.15
92.27
92.31
92.24
92.3
92.41
92.45
92.42
92.44
92.53
92.55
92.68
92.68
92.66
92.72
92.8
92.71
92.88
92.8
92.85
92.89
92.93
92.84
92.92
92.84
92.97
92.95
93.06
93.09
93.03
93.14
93.16
93.22
93.19
93.37
93.27
93.34
93.37
93.27
93.32
93.41
93.41
93.44
93.43
93.51
93.56
93.5
93.64
93.58
93.62
93.66
93.49
93.71
93.77
93.7
93.69
93.77
93.68
93.81
93.75
93.76
93.84
93.84
93.89
93.95
93.94
93.87
93.96
93.91
93.89
94.0
94.11
94.02
94.08
94.12
94.14
94.11
94.1
94.13
94.08
94.04
94.21
94.2
94.25
94.24
94.27
94.28
94.29
94.27
94.28
94.35
94.35
94.42
94.46
94.48
94.42
94.44
94.47
94.41
94.44
94.52
94.39
94.48
94.49
94.62
94.59
94.63
94.6
94.61
94.63
94.64
94.63
94.67
94.6
94.69
94.64
94.64
94.68
94.76
94.61
94.71
94.61
94.65
94.74
94.82
94.76
94.76
94.87
94.79
94.76
94.8
94.77
94.83
94.8
94.75
94.82
94.81
94.83
94.83
94.85
94.92
94.85
94.88
94.93
94.98
94.92
94.97
94.95
94.97
94.98
95.02
95.01
95.0
95.02
95.0
94.96
95.07
95.05
94.99
95.08
95.09
95.06
95.13
95.18
95.15
95.18
95.18
95.1
95.2
95.21
95.16
95.2
95.22
95.23
95.23
95.24
95.24
95.25
95.26
95.29
95.24
95.33
95.36
95.33
95.4
95.31
95.29
95.36
95.44
95.47
95.43
95.4
95.39
95.42
95.45
95.47
95.43
95.44
95.48
95.43
95.42
95.42
95.51
95.47
95.53
95.49
95.51
95.61
95.63
95.57
95.64
95.63
95.58
95.51
95.64
95.6
95.73
95.53
95.74
95.71
95.67
95.72
95.71
95.7
95.72
95.65
95.72
95.72
95.71
95.73
95.72
95.74
95.78
95.73
95.85
95.8
95.83
95.79
95.76
95.71
95.81
95.81
95.83
95.82
95.84
95.9
95.86
95.87
95.85
95.89
95.92
95.92
95.88
95.88
95.93
96.0
96.01
95.97
95.98
96.0
95.99
96.02
96.03
95.96
96.01
95.92
96.05
96.12
96.08
96.04
96.07
96.07
96.08
96.04
96.08
96.14
96.12
96.14
96.1
96.11
96.11
96.18
96.13
96.22
96.13
96.19
96.17
96.16
96.16
96.18
96.24
96.18
96.29
96.28
96.24
96.28
96.25
96.29
96.22
96.27
96.32
96.36
96.33
96.34
96.35
96.28
96.34
96.31
96.23
96.3
96.35
96.36
96.37
96.36
96.31
96.31
96.28
96.29
96.28
96.36
96.41
96.4
96.42
96.38
96.35
96.38
96.42
96.39
96.41
96.41
96.37
96.4
96.46
96.46
96.47
96.47
96.43
96.48
96.44
96.44
96.39
96.5
96.53
96.49
96.38
96.4
96.41
96.48
96.53
96.56
96.44
96.48
96.52
96.47
96.5
96.52
96.51
96.49
96.5
96.51
96.52
96.58
96.55
96.56
96.56
96.53
96.52
96.59
96.55
96.58
96.55
96.58
96.59
96.58
96.57
96.62
96.54
96.65
