86.82
91.93
93.6
94.91
95.6
96.13
96.34
96.77
96.92
97.1
97.26
97.36
97.4
97.56
97.66
97.66
97.76
97.97
97.86
97.97
97.96
98.0
98.17
98.09
98.11
98.16
98.18
98.2
98.31
98.32
98.4
98.42
98.38
98.41
98.37
98.42
98.54
98.44
98.45
98.45
98.48
98.54
98.55
98.58
98.61
98.59
98.55
98.58
98.62
98.59
98.65
98.61
98.61
98.65
98.73
98.68
98.71
98.66
98.7
98.76
98.76
98.82
98.77
98.81
98.81
98.76
98.83
98.76
98.82
98.86
98.82
98.82
98.79
98.86
98.84
98.88
98.84
98.88
98.86
98.83
98.89
98.91
98.89
98.89
98.87
98.88
98.89
98.93
98.9
98.94
98.91
98.9
98.93
98.95
98.93
98.92
98.89
98.92
98.93
98.96
98.91
98.93
98.97
98.93
98.94
98.91
98.9
98.95
98.94
98.94
98.95
98.95
98.99
98.97
99.02
99.03
99.0
99.02
98.94
99.01
98.97
98.98
99.02
98.98
98.97
99.01
99.06
99.05
99.03
99.02
99.03
99.08
98.99
99.0
99.09
99.05
99.07
99.07
99.07
99.06
99.05
99.08
99.05
99.08
99.01
99.06
99.1
99.07
99.05
99.07
99.08
99.08
99.09
99.09
99.11
99.03
99.09
99.07
99.1
99.04
99.06
99.07
99.13
99.12
99.02
99.14
99.08
99.02
99.05
99.1
99.13
99.16
99.11
99.16
99.12
99.14
99.09
99.11
99.16
99.15
99.16
99.11
99.16
99.11
99.07
99.11
99.1
99.12
99.16
99.12
99.12
99.17
99.11
99.13
99.1
99.17
99.1
99.15
99.14
99.17
99.21
99.13
99.18
99.2
99.17
99.19
99.17
99.16
99.16
99.14
99.16
99.18
99.2
99.17
99.19
99.17
99.21
99.15
99.17
99.18
99.14
99.17
99.15
99.21
99.19
99.21
99.14
99.21
99.15
99.21
99.22
99.21
99.21
99.23
99.19
99.17
99.13
99.11
99.2
99.19
99.21
99.18
99.17
99.19
99.18
99.22
99.15
99.14
99.2
99.22
99.18
99.14
99.23
99.16
99.22
99.18
99.19
99.21
99.11
99.15
99.21
99.18
99.19
99.23
99.22
99.22
99.19
99.2
99.18
99.22
99.18
99.2
99.2
99.17
99.2
99.18
99.21
99.21
99.24
99.17
99.2
99.2
99.18
99.2
99.18
99.21
99.21
99.2
99.15
99.18
99.19
99.19
99.23
99.18
99.2
99.15
99.16
99.15
99.16
99.18
99.18
99.21
99.12
99.15
99.19
99.24
99.17
99.21
99.23
99.21
99.18
99.23
99.23
99.23
99.2
99.2
99.16
99.22
99.19
99.22
99.17
99.16
99.17
99.17
99.15
99.21
99.17
99.15
99.2
99.19
99.2
99.2
99.19
99.21
99.23
99.23
99.24
99.19
99.23
99.17
99.17
99.15
99.17
99.2
99.14
99.16
99.23
99.23
99.16
99.17
99.2
99.18
99.15
99.23
99.19
99.18
99.19
99.25
99.24
99.19
99.21
99.21
99.24
99.21
99.22
99.17
99.25
99.22
99.25
99.22
99.26
99.2
99.21
99.18
99.18
99.2
99.21
99.14
99.19
99.19
99.19
99.2
99.25
99.24
99.15
99.19
99.21
99.22
99.31
99.23
99.23
99.19
99.21
99.23
99.16
99.17
99.2
99.25
99.19
99.2
99.26
99.22
99.23
99.26
99.25
99.24
99.25
99.25
99.2
99.25
99.25
99.25
99.26
99.17
99.24
99.23
99.23
99.24
99.32
99.21
99.24
99.23
99.25
99.25
99.19
99.2
99.24
99.25
99.26
99.13
99.27
99.24
99.24
99.26
99.28
99.21
99.25
99.21
99.24
99.2
99.26
99.32
99.25
99.18
99.25
99.2
99.28
99.26
99.24
99.23
99.26
99.25
99.25
99.2
99.21
99.18
99.22
99.22
99.2
99.23
99.26
99.24
99.2
99.25
99.26
99.27
99.22
99.23
99.2
99.18
99.28
99.21
99.26
99.21
99.24
99.25
99.24
99.23
99.25
99.27
99.27
99.31
99.27
99.26
99.28
99.32
99.28
99.28
99.28
99.22
99.25
99.26
99.23
99.25
99.24
99.24
99.23
99.27
99.26
99.26
