   83.5000
   90.6000
   93.0500
   94.2700
   94.9400
   95.4400
   95.8200
   96.1000
   96.4200
   96.5600
   96.7200
   96.8900
   97.0100
   97.0500
   97.2300
   97.4000
   97.4600
   97.5800
   97.6000
   97.7600
   97.7800
   97.8500
   97.8800
   98.0400
   97.9800
   98.1100
   98.0500
   98.0200
   98.1200
   98.2200
   98.1400
   98.1800
   98.1900
   98.2400
   98.3000
   98.3900
   98.4100
   98.3400
   98.3700
   98.3300
   98.3800
   98.3800
   98.4500
   98.5200
   98.5600
   98.6000
   98.5500
   98.6400
   98.5900
   98.5800
   98.6600
   98.6500
   98.6000
   98.5800
   98.6400
   98.6300
   98.6000
   98.6400
   98.6200
   98.6600
   98.7200
   98.6800
   98.7000
   98.7900
   98.7700
   98.7800
   98.7800
   98.7900
   98.7500
   98.7400
   98.7000
   98.7900
   98.7500
   98.7400
   98.8300
   98.8100
   98.7600
   98.7700
   98.7300
   98.8200
   98.8300
   98.8100
   98.7900
   98.8900
   98.9100
   98.8900
   98.8200
   98.7800
   98.8500
   98.8900
   98.8700
   98.8600
   98.9000
   98.9000
   98.8700
   98.8700
   98.8200
   98.8900
   98.8700
   98.7300
   98.8500
   98.8400
   98.8900
   98.8600
   98.8800
   98.8600
   98.8800
   98.9100
   98.9000
   98.8700
   98.8600
   98.9300
   98.9100
   98.9800
   98.9600
   98.9800
   98.9800
   98.9300
   98.9200
   98.9200
   98.9500
   98.9900
   98.8700
   98.9800
   98.9600
   98.9400
   99.0000
   98.9300
   98.9000
   99.0200
   98.9500
   98.9600
   98.9500
   98.9600
   99.0000
   98.9900
   98.9700
   98.9000
   98.9900
   98.9500
   98.9600
   98.9700
   98.9400
   98.9800
   98.9700
   98.9400
   98.9400
   98.9500
   99.0000
   98.9800
   98.9900
   99.0100
   98.9600
   98.9500
   98.9100
   98.9800
   99.0100
   99.0100
   98.9700
   99.0100
   98.9400
   99.0100
   99.0000
   98.9500
   98.9800
   98.9700
   98.9900
   98.9700
   98.9600
   98.9400
   99.0500
   98.9900
   98.9700
   98.9600
   98.9800
   98.9800
   98.9700
   99.0000
   98.9800
   98.9600
   98.9500
   98.9900
   99.0100
   99.0200
   98.9700
   98.9800
   99.0500
   99.0900
   98.9000
   98.9900
   99.0100
   98.9900
   98.9800
   99.0200
   99.0100
   99.0000
   98.9800
   98.9900
   99.0200
   98.9900