22.45
67.12
77.25
87.31
89.8
91.66
92.51
93.09
93.73
93.99
94.46
94.61
95.05
95.15
95.32
95.39
95.59
95.73
95.85
95.87
95.88
96.09
96.23
96.26
96.29
96.27
96.37
96.49
96.63
96.67
96.65
96.67
96.67
96.67
96.76
97.01
96.97
96.95
97.05
96.97
97.03
97.07
97.14
97.24
97.18
97.33
97.27
97.35
97.41
97.4
97.46
97.5
97.4
97.36
97.52
97.58
97.58
97.53
97.55
97.56
97.64
97.62
97.71
97.63
97.67
97.66
97.72
97.7
97.78
97.83
97.86
97.8
97.79
97.87
97.83
97.96
97.75
97.85
97.9
97.91
97.92
97.99
97.86
97.95
97.97
97.96
97.94
97.94
97.95
98.01
98.06
98.0
98.1
98.06
98.01
97.97
98.13
98.03
98.09
98.14
98.08
98.13
98.07
98.06
98.14
98.08
98.15
98.21
98.19
98.19
98.18
98.15
98.18
98.2
98.21
98.11
98.18
98.15
98.2
98.22
98.28
98.25
98.29
98.27
98.19
98.23
98.25
98.28
98.3
98.32
98.24
98.31
98.24
98.36
98.3
98.3
98.32
98.32
98.32
98.3
98.32
98.35
98.34
98.35
98.32
98.35
98.3
98.35
98.38
98.39
98.33
98.33
98.36
98.37
98.42
98.32
98.32
98.4
98.41
98.39
98.33
98.39
98.41
98.36
98.33
98.38
98.38
98.42
98.32
98.45
98.44
98.4
98.43
98.43
98.42
98.48
98.47
98.54
98.48
98.47
98.46
98.54
98.5
98.55
98.5
98.54
98.5
98.52
98.51
98.55
98.57
98.46
98.62
98.53
98.53
98.61
98.59
98.61
98.54
98.59
98.5
98.55
98.56
98.56
98.57
98.6
98.6
98.55
98.63
98.61
98.64
98.57
98.68
98.65
98.66
98.63
98.58
98.61
98.68
98.63
98.69
98.65
98.59
98.65
98.66
98.69
98.62
98.62
98.64
98.67
98.67
98.69
98.68
98.6
98.67
98.72
98.71
98.67
98.73
98.67
98.64
98.68
98.66
98.72
98.76
98.75
98.68
98.78
98.77
98.71
98.77
98.8
98.75
98.73
98.82
98.78
98.8
98.78
98.77
98.77
98.72
98.77
98.74
98.76
98.77
98.74
98.71
98.73
98.77
98.74
98.77
98.77
98.74
98.7
98.71
98.8
98.82
98.77
98.73
98.74
98.78
98.79
98.82
98.79
98.77
98.81
98.77
98.77
98.81
98.8
98.82
98.82
98.8
98.83
98.81
98.8
98.79
98.82
98.83
98.79
98.78
98.77
98.82
98.79
98.8
98.77
98.88
98.81
98.82
98.83
98.9
98.8
98.79
98.77
98.85
98.83
98.84
98.84
98.87
98.85
98.91
98.89
98.85
98.86
98.86
98.84
98.88
98.86
98.89
98.93
98.87
98.92
98.89
98.87
98.81
98.88
98.9
98.94
98.88
98.93
98.91
98.9
98.9
98.86
98.94
98.95
98.93
98.91
98.9
98.95
98.94
98.88
98.9
98.86
98.85
98.94
98.87
98.91
98.88
98.93
98.93
98.97
98.94
98.9
98.95
98.91
98.93
98.94
98.9
98.92
98.91
98.99
98.94
98.96
98.97
98.93
98.97
98.91
98.91
98.95
98.95
99.01
98.95
98.97
98.93
98.94
98.9
98.92
98.92
98.93
98.91
98.95
98.97
98.96
99.01
98.99
98.98
98.93
98.93
98.96
98.92
98.92
98.93
98.94
98.96
98.98
98.98
98.99
98.93
98.91
98.97
98.9
98.89
98.95
98.97
98.93
98.94
99.01
99.01
98.96
99.0
98.97
98.98
99.01
99.02
98.92
98.94
98.94
99.01
99.0
98.97
98.96
98.94
98.95
98.93
98.95
98.9
98.95
98.95
98.95
98.96
98.98
98.97
98.98
99.02
98.98
98.97
98.98
98.98
98.99
99.0
98.98
98.97
98.98
99.01
99.07
99.02
99.07
99.0
99.02
99.01
99.04
98.96
98.99
98.95
99.0
98.97
99.0
99.01
99.01
99.0
99.09
99.01
99.04
99.01
99.04
99.0
98.98
99.01
98.95
99.01
99.02
99.04
99.02
99.01
99.04
99.06
99.03
98.98
99.04
99.04
98.99
99.0
98.98
99.0
99.06
99.01
98.98
98.99
99.01
