95.7
97.08
97.67
97.92
98.2
98.29
98.36
98.5
98.54
98.57
98.66
98.6
98.66
98.72
98.75
98.75
98.76
98.86
98.8
98.82
98.82
98.88
98.93
98.9
98.95
98.91
98.9
98.89
98.93
98.96
98.99
98.94
99.01
98.92
98.98
99.02
99.03
99.08
99.01
99.12
99.03
99.11
98.98
99.05
99.04
99.05
99.08
99.06
99.05
99.05
99.11
99.06
99.1
99.14
99.08
99.12
99.08
99.09
99.08
99.08
99.11
99.15
99.09
99.12
99.11
99.15
99.1
99.16
99.17
99.13
99.16
99.18
99.13
99.11
99.15
99.18
99.17
99.14
99.14
99.14
99.21
99.17
99.2
99.22
99.17
99.18
99.2
99.2
99.18
99.16
99.18
99.13
99.18
99.21
99.19
99.2
99.21
99.16
99.16
99.2
99.21
99.18
99.23
99.18
99.17
99.2
99.16
99.22
99.16
99.18
99.25
99.23
99.15
99.23
99.23
99.18
99.19
99.19
99.22
99.18
99.16
99.23
99.25
99.2
99.2
99.23
99.19
99.18
99.23
99.24
99.2
99.23
99.26
99.2
99.19
99.23
99.23
99.21
99.23
99.21
99.23
99.25
99.25
99.14
99.17
99.21
99.21
99.21
99.22
99.22
99.24
99.18
99.19
99.11
99.16
99.17
99.21
99.19
99.2
99.26
99.19
99.23
99.22
99.2
99.2
99.22
99.18
99.22
99.23
99.21
99.24
99.24
99.19
99.24
99.2
99.24
99.24
99.2
99.2
99.22
99.22
99.24
99.12
99.23
99.24
99.2
99.28
99.27
99.23
99.27
99.19
99.23
99.24
99.25
99.22
99.19
99.17
99.25
99.19
99.19
