7.36
11.01
14.24
16.39
17.57
19.04
19.85
21.11
23.91
27.65
32.24
35.63
40.46
43.08
46.01
48.93
50.33
52.27
53.49
54.29
55.71
57.09
58.44
58.74
59.53
60.65
63.26
65.62
66.16
67.53
68.65
70.84
71.13
72.43
72.85
74.29
75.02
76.81
77.7
77.73
78.67
79.6
80.93
80.88
82.13
82.45
82.53
82.7
83.81
83.98
84.11
84.53
84.75
85.37
85.47
85.78
85.8
86.19
86.65
86.77
86.74
87.26
87.42
87.53
87.46
88.05
87.86
88.23
88.48
88.47
88.48
88.46
88.72
88.78
89.14
89.2
89.2
89.41
89.5
89.39
89.56
89.79
89.73
89.91
90.06
90.08
90.22
90.3
90.55
90.51
90.42
90.54
90.41
90.76
90.76
90.9
90.89
90.85
91.06
91
