69.419998 
84.000000 
88.769997 
89.870003 
91.339996 
92.199997 
93.279999 
93.870003 
94.660004 
94.839996 
95.160004 
95.160004 
95.309998 
95.660004 
95.949997 
95.809998 
96.260002 
96.389999 
96.250000 
96.389999 
96.459999 
96.529999 
96.660004 
96.750000 
96.809998 
96.959999 
96.790001 
96.970001 
96.919998 
96.930000 
97.169998 
97.169998 
97.230003 
97.320000 
97.349998 
97.360001 
97.440002 
97.480003 
97.370003 
97.500000 
97.440002 
97.570000 
97.580002 
97.639999 
97.589996 
97.540001 
97.559998 
97.599998 
97.720001 
97.730003 
97.620003 
97.599998 
97.699997 
97.750000 
97.760002 
97.720001 
97.620003 
97.870003 
97.860001 
97.870003 
97.870003 
97.809998 
97.870003 
97.970001 
97.910004 
97.879997 
97.949997 
97.900002 
97.989998 
98.080002 
97.930000 
98.019997 
98.029999 
98.010002 
97.959999 
97.980003 
98.160004 
98.089996 
98.080002 
98.150002 
98.029999 
98.169998 
98.070000 
98.169998 
98.220001 
98.139999 
98.120003 
98.169998 
98.180000 
98.190002 
98.139999 
98.150002 
98.190002 
98.239998 
98.180000 
98.230003 
98.250000 
98.209999 
98.230003 
98.260002 
98.160004 
98.290001 
98.250000 
98.230003 
98.230003 
98.260002 
98.260002 
98.260002 
98.279999 
98.279999 
98.239998 
98.330002 
98.269997 
98.269997 
98.339996 
98.379997 
98.389999 
98.330002 
98.279999 
98.279999 
98.320000 
98.400002 
98.419998 
98.480003 
98.410004 
98.419998 
98.410004 
98.400002 
98.430000 
98.449997 
98.489998 
98.330002 
98.410004 
98.489998 
98.519997 
98.459999 
98.500000 
98.480003 
98.480003 
98.510002 
98.449997 
98.489998 
98.559998 
98.500000 
98.500000 
98.559998 
98.550003 
98.550003 
98.580002 
98.570000 
98.400002 
98.449997 
98.419998 
98.419998 
98.500000 
98.529999 
98.449997 
98.489998 
98.489998 
98.470001 
98.440002 
98.400002 
98.510002 
98.599998 
98.519997 
98.559998 
98.470001 
98.470001 
98.510002 
98.470001 
98.529999 
98.510002 
98.489998 
98.550003 
98.550003 
98.470001 
98.470001 
98.419998 
98.459999 
98.470001 
98.540001 
98.510002 
98.570000 
98.540001 
98.529999 
98.570000 
98.540001 
98.570000 
98.529999 
98.550003 
98.519997 
98.599998 
98.559998 
98.599998 
98.690002 
98.610001 
98.629997 
98.629997 
98.739998 
98.699997 
98.669998 
98.690002 
98.550003 
98.699997 
98.589996 
98.599998 
98.720001 
98.680000 
98.669998 
98.680000 
98.620003 
98.690002 
98.669998 
98.690002 
98.720001 
98.699997 
98.739998 
98.739998 
98.699997 
98.699997 
98.650002 
98.660004 
98.680000 
98.629997 
98.599998 
98.629997 
98.629997 
98.660004 
98.720001 
98.730003 
98.709999 
98.650002 
98.589996 
98.599998 
98.680000 
98.699997 
98.750000 
98.769997 
98.709999 
98.690002 
98.660004 
98.760002 
98.669998 
98.709999 
98.629997 
98.629997 
98.660004 
98.690002 
98.620003 
98.680000 
98.730003 
98.650002 
98.709999 
98.680000 
98.629997 
98.660004 
98.699997 
98.760002 
98.790001 
98.779999 
98.779999 
98.800003 
98.820000 
98.769997 
98.750000 
98.730003 
98.750000 
98.760002 
98.769997 
98.750000 
98.739998 
98.699997 
98.709999 
98.699997 
98.709999 
98.730003 
98.750000 
98.720001 
98.750000 
98.779999 
98.660004 
98.699997 
98.739998 
98.769997 
98.639999 
98.709999 
98.660004 
98.709999 
98.669998 
98.750000 
98.739998 
98.680000 
98.720001 
98.750000 
98.800003 
98.769997 
98.750000 
98.779999 
98.739998 
98.699997 
98.690002 
98.779999 
98.699997 
98.660004 
98.739998 
98.750000 
98.690002 
98.709999 
98.680000 
98.730003 
98.779999 
98.790001 
98.690002 
98.739998 
98.860001 
98.769997 
98.730003 
98.709999 
98.680000 
98.739998 
98.720001 
98.730003 
98.790001 
98.820000 
98.849998 
98.870003 
98.760002 
98.720001 
98.790001 
98.830002 
98.750000 
98.769997 
98.839996 
98.790001 
98.800003 
98.910004 
98.809998 
98.910004 
98.820000 
98.800003 
98.779999 
98.720001 
98.919998 
98.769997 
98.800003 
98.820000 
98.800003 
98.800003 
98.809998 
98.860001 
98.860001 
98.849998 
98.769997 
98.769997 
98.730003 
98.809998 
98.849998 
98.830002 
98.790001 
98.720001 
98.800003 
98.820000 
98.820000 
98.790001 
98.779999 
98.800003 
98.790001 
98.769997 
98.860001 
98.830002 
98.769997 
98.839996 
98.839996 
98.839996 
98.860001 
98.830002 
98.830002 
98.769997 
98.769997 
98.730003 
98.779999 
98.800003 
98.809998 
98.680000 
98.790001 
98.739998 
98.750000 
98.800003 
98.809998 
98.790001 
98.839996 
98.820000 
98.860001 
98.870003 
98.769997 
98.809998 
98.809998 
98.779999 
98.779999 
98.769997 
98.809998 
98.849998 
98.860001 
98.809998 
98.870003 
98.860001 
98.760002 
98.809998 
98.820000 
98.820000 
98.849998 
98.870003 
98.879997 
98.849998 
98.860001 
98.879997 
98.830002 
98.879997 
98.900002 
98.889999 
98.860001 
98.860001 
98.849998 
98.820000 
98.900002 
98.830002 
98.800003 
98.879997 
98.919998 
98.870003 
98.830002 
98.839996 
98.900002 
98.879997 
98.879997 
98.839996 
98.849998 
98.820000 
98.790001 
98.830002 
98.800003 
98.860001 
98.800003 
98.839996 
98.800003 
98.790001 
98.769997 
98.849998 
98.760002 
98.849998 
98.790001 
98.849998 
98.839996 
98.889999 
98.870003 
98.860001 
98.870003 
98.820000 
98.860001 
98.860001 
98.879997 
98.800003 
98.809998 
98.830002 
98.820000 
98.809998 
98.860001 
98.809998 
98.830002 
98.849998 
98.800003 
98.760002 
98.879997 
98.860001 
98.879997 
98.839996 
98.830002 
98.830002 
98.870003 
98.870003 
98.849998 
98.800003 
98.830002 
98.809998 
98.769997 
98.889999 
98.820000 
98.839996 
98.860001 
98.870003 
98.889999 
98.889999 
98.919998 
98.860001 
98.860001 
98.930000 
98.940002 
98.839996 
98.930000 
98.919998 
98.910004 
98.860001 
98.849998 
98.870003 
98.870003 
98.860001 
98.889999 
98.860001 
98.910004 
98.879997 
98.889999 
98.949997 
98.879997 
98.900002 
98.900002 
98.879997 
98.870003 
98.900002 
98.889999 
98.919998 
98.879997 
98.870003 
98.860001 
98.940002 
98.919998 
98.849998 
98.870003 
98.919998 
98.930000 
98.870003 
98.910004 
98.900002 
98.839996 
98.940002 
98.820000 
98.870003 
98.940002 
98.900002 
98.910004 
98.930000 
98.900002 
98.970001 
98.919998 
98.879997 
98.910004 
98.860001 
98.870003 
98.889999 
98.849998 
98.849998 
98.849998 
98.930000 
98.970001 
98.930000 
98.959999 
98.879997 
98.919998 
98.870003 
98.889999 
98.889999 
98.910004 
98.949997 
98.910004 
98.940002 
98.900002 
98.910004 
98.910004 
98.870003 
98.959999 
98.940002 
98.900002 
98.940002 
98.860001 
98.879997 
98.910004 
98.820000 
98.910004 
98.860001 
98.900002 
98.910004 
98.849998 
98.900002 
98.839996 
98.839996 
98.820000 
98.870003 
98.910004 
98.940002 
98.900002 
98.849998 
98.860001 
98.879997 
98.879997 
98.879997 
98.879997 
98.879997 
98.879997 
98.919998 
98.910004 
98.910004 
98.919998 
98.849998 
98.940002 
98.919998 
98.900002 
98.849998 
98.910004 
98.839996 
98.820000 
98.870003 
98.830002 
98.870003 
98.889999 
98.930000 
98.919998 
98.910004 
98.930000 
98.930000 
98.900002 
98.830002 
98.889999 
98.839996 
98.830002 
98.860001 
98.870003 
98.830002 
98.790001 
98.879997 
98.889999 
98.839996 
98.940002 
98.860001 
98.949997 
98.910004 
98.900002 
98.919998 
98.930000 
98.900002 
98.910004 
98.889999 
98.860001 
98.889999 
98.830002 
98.870003 
98.870003 
98.870003 
98.910004 
98.919998 
98.889999 
98.919998 
98.940002 
98.839996 
98.910004 
98.930000 
98.879997 
98.930000 
98.910004 
98.930000 
98.900002 
98.900002 
98.889999 
98.959999 
98.919998 
98.910004 
98.839996 
98.900002 
98.949997 
98.900002 
98.870003 
98.849998 
98.949997 
98.900002 
98.889999 
98.919998 
98.879997 
98.910004 
98.879997 
98.860001 
98.849998 
98.860001 
98.889999 
98.889999 
98.820000 
98.839996 
98.889999 
98.879997 
98.900002 
98.870003 
98.820000 
98.830002 
98.849998 
98.930000 
98.790001 
98.769997 
98.790001 
98.889999 
98.919998 
98.870003 
98.889999 
98.910004 
98.919998 
98.889999 
98.889999 
98.910004 
98.930000 
98.910004 
98.940002 
98.889999 
98.889999 
98.860001 
98.860001 
98.889999 
98.910004 
98.910004 
98.879997 
98.919998 
98.889999 
98.860001 
98.919998 
98.879997 
98.900002 
98.959999 
98.879997 
98.900002 
98.919998 
98.940002 
98.849998 
98.959999 
98.949997 
98.910004 
98.940002 
98.879997 
98.949997 
98.889999 
98.930000 
98.919998 
98.980003 
98.910004 
98.949997 
98.930000 
98.930000 
98.930000 
98.930000 
98.940002 
98.930000 
98.970001 
98.900002 
98.910004 
98.919998 
98.849998 
98.870003 
98.849998 
98.919998 
98.910004 
98.879997 
98.889999 
98.940002 
98.930000 
98.879997 
98.910004 
98.889999 
98.900002 
98.910004 
98.919998 
98.959999 
98.919998 
98.940002 
98.900002 
98.959999 
98.940002 
98.930000 
98.849998 
98.860001 
98.879997 
98.910004 
98.889999 
98.889999 
98.879997 
98.889999 
98.930000 
98.940002 
98.919998 
98.930000 
98.930000 
98.940002 
98.860001 
98.919998 
98.959999 
98.930000 
98.910004 
98.879997 
98.940002 
98.919998 
98.970001 
98.949997 
98.949997 
98.970001 
98.910004 
98.959999 
98.919998 
98.940002 
98.980003 
98.959999 
98.989998 
98.940002 
98.959999 
98.949997 
98.959999 
98.980003 
98.940002 
98.940002 
98.900002 
98.910004 
98.930000 
98.889999 
98.860001 
98.930000 
98.900002 
98.889999 
98.900002 
98.949997 
98.970001 
98.959999 
98.919998 
98.930000 
98.930000 
98.900002 
98.959999 
98.900002 
98.949997 
98.870003 
98.940002 
98.849998 
98.900002 
98.839996 
98.949997 
98.900002 
98.930000 
98.930000 
98.900002 
98.849998 
98.940002 
98.910004 
98.930000 
98.889999 
98.919998 
98.910004 
98.910004 
98.970001 
98.860001 
98.900002 
98.860001 
98.879997 
98.910004 
98.889999 
98.830002 
98.870003 
98.830002 
98.879997 
98.910004 
98.889999 
98.839996 
98.940002 
98.839996 
98.889999 
98.910004 
98.860001 
98.870003 
98.870003 
98.919998 
98.910004 
98.860001 
98.910004 
98.900002 
98.839996 
98.860001 
98.940002 
98.919998 
98.839996 
98.849998 
98.820000 
98.849998 
98.919998 
98.889999 
98.779999 
98.870003 
98.930000 
98.949997 
98.930000 
98.930000 
98.879997 
98.919998 
98.870003 
98.870003 
98.980003 
98.930000 
98.940002 
98.959999 
98.959999 
98.900002 
98.930000 
98.879997 
98.849998 
98.900002 
98.879997 
98.849998 
98.809998 
98.900002 
98.849998 
98.889999 
98.860001 
98.849998 
98.830002 
98.900002 
98.910004 
98.849998 
98.849998 
98.849998 
98.860001 
98.889999 
98.860001 
98.839996 
98.860001 
98.930000 
98.889999 
98.839996 
98.839996 
98.930000 
98.889999 
98.870003 
98.860001 
98.889999 
98.860001 
98.889999 
98.889999 
98.849998 
98.910004 
98.889999 
98.849998 
98.879997 
98.930000 
98.949997 
98.930000 
98.900002 
98.940002 
98.989998 
98.940002 
98.900002 
98.930000 
98.980003 
98.949997 
98.910004 
98.959999 
98.949997 
98.959999 
98.949997 
98.980003 
98.930000 
98.989998 
98.980003 
98.959999 
98.949997 
98.970001 
98.959999 
99.000000 
98.959999 
98.940002 
98.919998 
98.959999 
98.940002 
98.949997 
98.989998 
98.989998 
98.980003 
98.970001 
98.970001 
99.000000 
99.000000 
98.940002 
98.949997 
99.029999 
98.980003 
98.989998 
98.949997 
98.949997 
98.930000 
98.959999 
98.919998 
98.919998 
98.919998 
98.919998 
98.910004 
98.970001 
98.860001 
98.949997 
98.930000 
98.910004 
99.010002 
98.940002 
98.970001 
