86.400002 
91.169998 
92.169998 
93.309998 
93.580002 
94.129997 
94.470001 
95.029999 
95.370003 
95.790001 
95.949997 
96.059998 
96.269997 
96.430000 
96.430000 
96.550003 
96.680000 
96.900002 
96.730003 
97.059998 
97.050003 
97.019997 
96.949997 
97.209999 
97.279999 
97.269997 
97.250000 
97.290001 
97.410004 
97.400002 
97.440002 
97.459999 
97.389999 
97.570000 
97.639999 
97.580002 
97.639999 
97.309998 
97.480003 
97.669998 
97.720001 
97.800003 
97.709999 
97.809998 
97.809998 
97.790001 
97.820000 
97.889999 
97.830002 
97.889999 
97.870003 
97.830002 
97.919998 
97.910004 
97.919998 
97.970001 
97.949997 
97.900002 
98.070000 
98.110001 
98.070000 
97.879997 
98.050003 
98.110001 
98.050003 
98.129997 
98.099998 
97.989998 
98.070000 
98.120003 
98.050003 
98.089996 
98.110001 
98.220001 
98.160004 
98.260002 
98.139999 
98.180000 
98.220001 
98.150002 
98.160004 
98.169998 
98.300003 
98.269997 
98.169998 
98.129997 
98.160004 
98.250000 
98.250000 
98.320000 
98.330002 
98.349998 
98.300003 
98.309998 
98.260002 
98.239998 
98.290001 
98.320000 
98.160004 
98.250000 
98.389999 
98.300003 
98.279999 
98.360001 
98.410004 
98.370003 
98.430000 
98.419998 
98.480003 
98.419998 
98.510002 
98.540001 
98.459999 
98.580002 
98.470001 
98.349998 
98.410004 
98.500000 
98.510002 
98.519997 
98.529999 
98.470001 
98.510002 
98.510002 
98.519997 
98.529999 
98.620003 
98.559998 
98.410004 
98.449997 
98.500000 
98.489998 
98.480003 
98.580002 
98.589996 
98.570000 
98.410004 
98.550003 
98.529999 
98.639999 
98.680000 
98.639999 
98.559998 
98.570000 
98.650002 
98.570000 
98.620003 
98.620003 
98.599998 
98.629997 
98.580002 
98.540001 
98.589996 
98.550003 
98.550003 
98.570000 
98.610001 
98.570000 
98.650002 
98.680000 
98.650002 
98.639999 
98.639999 
98.699997 
98.650002 
98.620003 
98.699997 
98.550003 
98.629997 
98.650002 
98.650002 
98.589996 
98.620003 
98.589996 
98.680000 
98.669998 
98.629997 
98.620003 
98.629997 
98.470001 
98.529999 
98.599998 
98.599998 
98.589996 
98.599998 
98.570000 
98.589996 
98.650002 
98.449997 
98.559998 
98.589996 
98.610001 
98.550003 
98.570000 
98.559998 
98.629997 
98.639999 
98.680000 
98.669998 
98.709999 
98.709999 
98.660004 
98.660004 
98.610001 
98.680000 
98.720001 
98.639999 
98.639999 
98.680000 
98.790001 
98.760002 
98.800003 
98.669998 
98.720001 
98.739998 
98.730003 
98.660004 
98.690002 
98.709999 
98.709999 
98.690002 
98.699997 
98.739998 
98.550003 
98.690002 
98.720001 
98.769997 
98.769997 
98.760002 
98.750000 
98.739998 
98.809998 
98.720001 
98.690002 
98.720001 
98.750000 
98.730003 
98.750000 
98.739998 
98.760002 
98.709999 
98.730003 
98.730003 
98.690002 
98.680000 
98.760002 
98.699997 
98.739998 
98.760002 
98.769997 
98.800003 
98.750000 
98.730003 
98.769997 
98.730003 
98.800003 
98.769997 
98.809998 
98.809998 
98.769997 
98.750000 
98.739998 
98.709999 
98.739998 
98.839996 
98.800003 
98.669998 
98.720001 
98.750000 
98.750000 
98.750000 
98.730003 
98.750000 
98.760002 
98.720001 
98.809998 
98.720001 
98.769997 
98.760002 
98.750000 
98.830002 
98.790001 
98.769997 
98.779999 
98.730003 
98.750000 
98.709999 
98.750000 
98.779999 
98.800003 
98.839996 
98.769997 
98.820000 
98.809998 
98.860001 
98.820000 
98.779999 
98.790001 
98.760002 
98.820000 
98.769997 
98.760002 
98.830002 
98.809998 
98.769997 
98.769997 
98.860001 
98.830002 
98.820000 
98.839996 
98.820000 
98.809998 
98.800003 
98.830002 
98.870003 
98.809998 
98.779999 
98.760002 
98.709999 
98.750000 
98.809998 
98.760002 
98.779999 
98.669998 
98.779999 
98.860001 
98.800003 
98.820000 
98.849998 
98.820000 
98.839996 
98.809998 
98.839996 
98.779999 
98.800003 
98.860001 
98.839996 
98.839996 
98.849998 
98.860001 
98.839996 
98.820000 
98.800003 
98.860001 
98.830002 
98.790001 
98.870003 
98.870003 
98.879997 
98.889999 
98.769997 
98.820000 
98.849998 
98.830002 
98.650002 
98.750000 
98.790001 
98.790001 
98.639999 
98.779999 
98.820000 
98.769997 
98.720001 
98.820000 
98.790001 
98.769997 
98.839996 
98.830002 
98.830002 
98.860001 
98.860001 
98.870003 
98.860001 
98.800003 
98.830002 
98.839996 
98.839996 
98.870003 
98.820000 
98.750000 
98.839996 
98.830002 
98.839996 
98.839996 
98.820000 
98.839996 
98.750000 
98.809998 
98.839996 
98.860001 
98.800003 
98.820000 
98.809998 
98.889999 
98.809998 
98.790001 
98.889999 
98.760002 
98.830002 
98.839996 
98.830002 
98.800003 
98.870003 
98.830002 
98.779999 
98.849998 
98.839996 
98.889999 
98.940002 
98.800003 
98.879997 
98.790001 
98.849998 
98.889999 
98.860001 
98.860001 
98.879997 
98.809998 
98.830002 
98.870003 
98.889999 
98.889999 
98.610001 
98.760002 
98.820000 
98.849998 
98.860001 
98.900002 
98.870003 
98.849998 
98.849998 
98.860001 
98.839996 
98.849998 
98.830002 
98.820000 
98.879997 
98.800003 
98.930000 
98.860001 
98.900002 
98.910004 
98.849998 
98.870003 
98.870003 
98.879997 
98.900002 
98.959999 
98.889999 
98.900002 
98.910004 
98.760002 
98.910004 
98.959999 
98.879997 
98.930000 
98.930000 
98.930000 
98.889999 
98.720001 
98.839996 
98.849998 
98.930000 
98.849998 
98.879997 
98.919998 
98.900002 
98.900002 
98.839996 
98.889999 
98.879997 
98.830002 
98.790001 
98.889999 
98.870003 
98.860001 
98.910004 
98.889999 
98.849998 
98.809998 
98.879997 
98.879997 
98.849998 
98.889999 
98.900002 
98.910004 
98.900002 
98.919998 
98.910004 
98.919998 
98.870003 
98.879997 
98.879997 
98.900002 
98.910004 
98.889999 
98.919998 
99.000000 
98.959999 
98.830002 
98.879997 
98.910004 
98.919998 
98.910004 
99.000000 
98.919998 
98.910004 
98.910004 
98.860001 
98.900002 
98.900002 
98.919998 
98.919998 
98.910004 
98.940002 
98.949997 
98.910004 
98.889999 
98.849998 
98.860001 
98.970001 
98.919998 
98.910004 
98.900002 
98.919998 
98.870003 
98.949997 
98.910004 
98.930000 
99.000000 
98.919998 
98.940002 
98.910004 
98.910004 
98.839996 
98.879997 
98.949997 
98.919998 
98.839996 
98.860001 
98.879997 
98.839996 
98.870003 
98.900002 
98.839996 
98.879997 
98.949997 
98.879997 
98.910004 
98.879997 
98.889999 
98.889999 
98.830002 
98.860001 
98.870003 
98.879997 
98.879997 
98.910004 
98.879997 
98.839996 
98.910004 
98.750000 
98.870003 
98.910004 
98.879997 
98.930000 
98.919998 
98.919998 
98.930000 
98.900002 
98.930000 
98.900002 
98.879997 
98.900002 
98.930000 
98.940002 
98.940002 
98.889999 
98.889999 
98.889999 
98.910004 
98.919998 
98.980003 
98.940002 
98.949997 
98.930000 
98.870003 
98.919998 
98.949997 
98.930000 
98.879997 
98.940002 
98.889999 
98.949997 
98.940002 
98.959999 
98.919998 
98.910004 
98.930000 
98.919998 
98.910004 
98.910004 
98.940002 
98.959999 
98.970001 
98.910004 
98.970001 
98.970001 
98.949997 
98.949997 
98.959999 
98.959999 
98.989998 
98.949997 
98.940002 
98.989998 
98.980003 
99.019997 
98.919998 
98.870003 
98.919998 
98.949997 
98.959999 
98.940002 
98.949997 
98.970001 
98.930000 
98.989998 
99.010002 
99.000000 
98.910004 
99.000000 
98.959999 
98.959999 
98.989998 
99.019997 
98.940002 
98.970001 
98.980003 
98.970001 
98.930000 
98.750000 
98.839996 
98.830002 
98.839996 
98.839996 
98.820000 
98.839996 
98.750000 
98.809998 
98.839996 
98.860001 
98.800003 
98.820000 
98.809998 
98.889999 
98.809998 
98.790001 
98.889999 
98.760002 
98.830002 
98.839996 
98.830002 
98.800003 
98.870003 
98.830002 
98.779999 
98.849998 
98.839996 
98.889999 
98.940002 
98.800003 
98.879997 
98.790001 
98.849998 
98.889999 
98.860001 
98.860001 
98.879997 
98.809998 
98.830002 
98.870003 
98.889999 
98.889999 
98.610001 
98.760002 
98.820000 
98.849998 
98.860001 
98.900002 
98.870003 
98.849998 
98.849998 
98.860001 
98.839996 
98.849998 
98.830002 
98.820000 
98.879997 
98.800003 
98.930000 
98.860001 
98.900002 
98.910004 
98.849998 
98.870003 
98.870003 
98.879997 
98.900002 
98.959999 
98.889999 
98.900002 
98.910004 
98.760002 
98.910004 
98.959999 
98.879997 
98.930000 
98.930000 
98.930000 
98.889999 
98.720001 
98.839996 
98.849998 
98.930000 
98.849998 
98.879997 
98.919998 
98.900002 
98.900002 
98.839996 
98.889999 
98.879997 
98.830002 
98.790001 
98.889999 
98.870003 
98.860001 
98.910004 
98.889999 
98.849998 
98.809998 
98.879997 
98.879997 
98.849998 
98.889999 
98.900002 
98.910004 
98.900002 
98.919998 
98.910004 
98.919998 
98.870003 
98.879997 
98.879997 
98.900002 
98.910004 
98.889999 
98.919998 
99.000000 
98.959999 
98.830002 
98.879997 
98.910004 
98.919998 
98.910004 
99.000000 
98.919998 
98.910004 
98.910004 
98.860001 
98.900002 
98.900002 
98.919998 
98.919998 
98.910004 
98.940002 
98.949997 
98.910004 
98.889999 
98.849998 
98.860001 
98.970001 
98.919998 
98.910004 
98.900002 
98.919998 
98.870003 
98.949997 
98.910004 
98.930000 
99.000000 
98.919998 
98.940002 
98.910004 
98.910004 
98.839996 
98.879997 
98.949997 
98.919998 
98.839996 
98.860001 
98.879997 
98.839996 
98.870003 
98.900002 
98.839996 
98.879997 
98.949997 
98.879997 
98.910004 
98.879997 
98.889999 
98.889999 
98.830002 
98.860001 
98.870003 
98.879997 
98.879997 
98.910004 
98.879997 
98.839996 
98.910004 
98.750000 
98.870003 
98.910004 
98.879997 
98.930000 
98.919998 
98.919998 
98.930000 
98.900002 
98.930000 
98.900002 
98.879997 
98.900002 
98.930000 
98.940002 
98.940002 
98.889999 
98.889999 
98.889999 
98.910004 
98.919998 
98.980003 
98.940002 
98.949997 
98.930000 
98.870003 
98.919998 
98.949997 
98.930000 
98.879997 
98.940002 
98.889999 
98.949997 
98.940002 
98.959999 
98.919998 
98.910004 
98.930000 
98.919998 
98.910004 
98.910004 
98.940002 
98.959999 
98.970001 
98.910004 
98.970001 
98.970001 
98.949997 
98.949997 
98.959999 
98.959999 
98.989998 
98.949997 
98.940002 
98.989998 
98.980003 
99.019997 
98.919998 
98.870003 
98.919998 
98.949997 
98.959999 
98.940002 
98.949997 
98.970001 
98.930000 
98.989998 
99.010002 
99.000000 
98.910004 
99.000000 
98.959999 
98.959999 
98.989998 
99.019997 
98.940002 
98.970001 
98.980003 
98.970001 
98.930000 
98.980003 
99.019997 
98.919998 
98.870003 
98.919998 
98.949997 
98.959999 
98.940002 
98.949997 
98.970001 
98.930000 
98.989998 
99.010002 
99.000000 
98.910004 
99.000000 
98.959999 
98.959999 
98.989998 
99.019997 
98.940002 
98.970001 
98.980003 
98.970001 
98.930000 
98.980003 
99.019997 
98.919998 
98.870003 
98.919998 
98.949997 
98.959999 
98.940002 
98.949997 
98.970001 
98.930000 
98.989998 
99.010002 
99.000000 
98.910004 
99.000000 
98.959999 
98.959999 
98.989998 
99.019997 
98.940002 
98.970001 
98.980003 
98.970001 
98.930000 
98.980003 
99.019997 
98.919998 
98.870003 
98.919998 
98.949997 
98.959999 
98.940002 
98.949997 
98.970001 
98.930000 
98.989998 
99.010002 
99.000000 
98.910004 
99.000000 
98.959999 
98.959999 
98.989998 
99.019997 
98.940002 
98.970001 
98.980003 
98.970001 
98.930000 
98.980003 
99.019997 
98.919998 
98.870003 
98.919998 
98.949997 
98.959999 
98.940002 
98.949997 
98.970001 
98.930000 
98.989998 
99.010002 
99.000000 
98.910004 
99.000000 
98.959999 
98.959999 
98.989998 
99.019997 
98.940002 
98.970001 