88.029999 
92.599998 
94.349998 
95.449997 
95.790001 
96.379997 
96.650002 
96.860001 
96.940002 
97.089996 
97.239998 
97.309998 
97.230003 
97.500000 
97.559998 
97.650002 
97.660004 
97.650002 
97.790001 
97.839996 
97.839996 
97.959999 
98.019997 
98.000000 
97.970001 
98.089996 
98.099998 
98.169998 
98.139999 
98.199997 
98.250000 
98.239998 
98.220001 
98.250000 
98.269997 
98.290001 
98.279999 
98.330002 
98.320000 
98.330002 
98.320000 
98.330002 
98.300003 
98.269997 
98.309998 
98.330002 
98.370003 
98.400002 
98.430000 
98.440002 
98.430000 
98.500000 
98.510002 
98.489998 
98.470001 
98.489998 
98.580002 
98.510002 
98.570000 
98.540001 
98.419998 
98.419998 
98.529999 
98.559998 
98.599998 
98.510002 
98.519997 
98.580002 
98.519997 
98.629997 
98.589996 
98.570000 
98.559998 
98.620003 
98.570000 
98.599998 
98.589996 
98.489998 
98.669998 
98.629997 
98.639999 
98.669998 
98.709999 
98.669998 
98.680000 
98.639999 
98.730003 
98.779999 
98.650002 
98.680000 
98.699997 
98.650002 
98.739998 
98.690002 
98.730003 
98.699997 
98.639999 
98.669998 
98.709999 
98.690002 
98.669998 
98.699997 
98.720001 
98.730003 
98.730003 
98.769997 
98.769997 
98.760002 
98.739998 
98.750000 
98.680000 
98.680000 
98.720001 
98.739998 
98.760002 
98.730003 
98.669998 
98.739998 
98.769997 
98.779999 
98.809998 
98.709999 
98.690002 
98.730003 
98.769997 
98.750000 
98.769997 
98.730003 
98.790001 
98.720001 
98.739998 
98.730003 
98.790001 
98.760002 
98.730003 
98.720001 
98.739998 
98.739998 
98.800003 
98.820000 
98.760002 
98.790001 
98.809998 
98.790001 
98.769997 
98.779999 
98.760002 
98.790001 
98.760002 
98.779999 
98.739998 
98.760002 
98.760002 
98.809998 
98.849998 
98.849998 
98.800003 
98.839996 
98.860001 
98.910004 
98.870003 
98.800003 
98.860001 
98.779999 
98.820000 
98.809998 
98.790001 
98.769997 
98.790001 
98.870003 
98.839996 
98.809998 
98.769997 
98.800003 
98.860001 
98.800003 
98.870003 
98.820000 
98.820000 
98.760002 
98.839996 
98.839996 
98.809998 
98.809998 
98.750000 
98.760002 
98.779999 
98.870003 
98.760002 
98.849998 
98.809998 
98.769997 
98.839996 
98.769997 
98.779999 
98.800003 
98.839996 
98.769997 
98.750000 
98.800003 
98.730003 
98.769997 
98.709999 
98.790001 
98.839996 
98.839996 
98.809998 
98.809998 
98.750000 
98.760002 
98.779999 
98.870003 
98.760002 
98.849998 
98.809998 
98.769997 
98.839996 
98.769997 
98.779999 
98.800003 
98.839996 
98.769997 
98.750000 
98.800003 
98.730003 
98.769997 
98.709999 
98.790001 
98.839996 
98.839996 
98.809998 
98.809998 
98.750000 
98.760002 
98.779999 
98.870003 
98.760002 
98.849998 
98.809998 
98.769997 
98.839996 
98.769997 
98.779999 
98.800003 
98.839996 
98.769997 
98.750000 
98.800003 
98.730003 
98.769997 
98.709999 
98.790001 
98.839996 
98.839996 
98.809998 
98.809998 
98.750000 
98.760002 
98.779999 
98.870003 
98.760002 
98.849998 
98.809998 
98.769997 
98.839996 
98.769997 
98.779999 
98.800003 
98.839996 
98.769997 
98.750000 
98.800003 
98.730003 
98.769997 
98.709999 
98.790001 
98.839996 
98.839996 
98.809998 
98.809998 
98.750000 
98.760002 
98.779999 
98.870003 
98.760002 
98.849998 
98.809998 
98.769997 
98.839996 
98.769997 
98.779999 
98.800003 
98.839996 
98.769997 
98.750000 
98.800003 
98.730003 
98.769997 
98.709999 
98.790001 
98.669998 
98.699997 
98.720001 
98.730003 
98.730003 
98.769997 
98.769997 
98.760002 
98.739998 
98.750000 
98.680000 
98.680000 
98.720001 
98.739998 
98.760002 
98.730003 
98.669998 
98.739998 
98.769997 
98.779999 
98.809998 
98.709999 
98.690002 
98.730003 
98.769997 
98.750000 
98.769997 
98.730003 
98.790001 
98.720001 
98.739998 
98.730003 
98.790001 
98.760002 
98.730003 
98.720001 
98.739998 
98.739998 
98.800003 
98.820000 
98.760002 
98.790001 
98.809998 
98.790001 
98.769997 
98.779999 
98.760002 
98.790001 
98.760002 
98.779999 
98.739998 
98.760002 
98.760002 
98.809998 
98.849998 
98.849998 
98.800003 
98.839996 
98.860001 
98.910004 
98.870003 
98.800003 
98.860001 
98.779999 
98.820000 
98.809998 
98.790001 
98.769997 
98.790001 
98.870003 
98.839996 
98.809998 
98.769997 
98.800003 
98.860001 
98.800003 
98.870003 
98.820000 
98.820000 
98.760002 
98.839996 
98.839996 
98.809998 
98.809998 
98.750000 
98.760002 
98.779999 
98.870003 
98.760002 
98.849998 
98.809998 
98.769997 
98.839996 
98.769997 
98.779999 
98.800003 
98.839996 
98.769997 
98.750000 
98.800003 
98.730003 
98.769997 
98.709999 
98.790001 
98.839996 
98.839996 
98.809998 
98.809998 
98.750000 
98.760002 
98.779999 
98.870003 
98.760002 
98.849998 
98.809998 
98.769997 
98.839996 
98.769997 
98.779999 
98.800003 
98.839996 
98.769997 
98.750000 
98.800003 
98.730003 
98.769997 
98.709999 
98.790001 
98.839996 
98.839996 
98.809998 
98.809998 
98.750000 
98.760002 
98.779999 
98.870003 
98.760002 
98.849998 
98.809998 
98.769997 
98.839996 
98.769997 
98.779999 
98.800003 
98.839996 
98.769997 
98.750000 
98.800003 
98.730003 
98.769997 
98.709999 
98.790001 
98.839996 
98.839996 
98.809998 
98.809998 
98.750000 
98.760002 
98.779999 
98.870003 
98.760002 
98.849998 
98.809998 
98.769997 
98.839996 
98.769997 
98.779999 
98.800003 
98.839996 
98.769997 
98.750000 
98.800003 
98.730003 
98.769997 
98.709999 
98.790001 
98.839996 
98.839996 
98.809998 
98.809998 
98.750000 
98.760002 
98.779999 
98.870003 
98.760002 
98.849998 
98.809998 
98.769997 
98.839996 
98.769997 
98.779999 
98.800003 
98.839996 
98.769997 
98.750000 
98.800003 
98.730003 
98.769997 
98.709999 
98.790001 
98.669998 
98.699997 
98.720001 
98.730003 
98.730003 
98.769997 
98.769997 
98.760002 
98.739998 
98.750000 
98.680000 
98.680000 
98.720001 
98.739998 
98.760002 
98.730003 
98.669998 
98.739998 
98.769997 
98.779999 
98.809998 
98.709999 
98.690002 
98.730003 
98.769997 
98.750000 
98.769997 
98.730003 
98.790001 
98.720001 
98.739998 
98.730003 
98.790001 
98.760002 
98.730003 
98.720001 
98.739998 
98.739998 
98.800003 
98.820000 
98.760002 
98.790001 
98.809998 
98.790001 
98.769997 
98.779999 
98.760002 
98.790001 
98.760002 
98.779999 
98.739998 
98.760002 
98.760002 
98.809998 
98.849998 
98.849998 
98.800003 
98.839996 
98.860001 
98.910004 
98.870003 
98.800003 
98.860001 
98.779999 
98.820000 
98.809998 
98.790001 
98.769997 
98.790001 
98.870003 
98.839996 
98.809998 
98.769997 
98.800003 
98.860001 
98.800003 
98.870003 
98.820000 
98.820000 
98.760002 
98.839996 
98.839996 
98.809998 
98.809998 
98.750000 
98.760002 
98.779999 
98.870003 
98.760002 
98.849998 
98.809998 
98.769997 
98.839996 
98.769997 
98.779999 
98.800003 
98.839996 
98.769997 
98.750000 
98.800003 
98.730003 
98.769997 
98.709999 
98.790001 
98.839996 
98.839996 
98.809998 
98.809998 
98.750000 
98.760002 
98.779999 
98.870003 
98.760002 
98.849998 
98.809998 
98.769997 
98.839996 
98.769997 
98.779999 
98.800003 
98.839996 
98.769997 
98.750000 
98.800003 
98.730003 
98.769997 
98.709999 
98.790001 
98.839996 
98.839996 
98.809998 
98.809998 
98.750000 
98.760002 
98.779999 
98.870003 
98.760002 
98.849998 
98.809998 
98.769997 
98.839996 
98.769997 
98.779999 
98.800003 
98.839996 
98.769997 
98.750000 
98.800003 
98.730003 
98.769997 
98.709999 
98.790001 
98.839996 
98.839996 
98.809998 
98.809998 
98.750000 
98.760002 
98.779999 
98.870003 
98.760002 
98.849998 
98.809998 
98.769997 
98.839996 
98.769997 
98.779999 
98.800003 
98.839996 
98.769997 
98.750000 
98.800003 
98.730003 
98.769997 
98.709999 
98.790001 
98.839996 
98.839996 
98.809998 
98.809998 
98.750000 
98.760002 
98.779999 
98.870003 
98.760002 
98.849998 
98.809998 
98.769997 
98.839996 
98.769997 
98.779999 
98.800003 
98.839996 
98.769997 
98.750000 
98.800003 
98.730003 
98.769997 
98.709999 
98.790001 
98.669998 
98.699997 
98.720001 
98.730003 
98.730003 
98.769997 
98.769997 
98.760002 
98.739998 
98.750000 
98.680000 
98.680000 
98.720001 
98.739998 
98.760002 
98.730003 
98.669998 
98.739998 
98.769997 
98.779999 
98.809998 
98.709999 
98.690002 
98.730003 
98.769997 
98.750000 
98.769997 
98.730003 
98.790001 
98.720001 
98.739998 
98.730003 
98.790001 
98.760002 
98.730003 
98.720001 
98.739998 
98.739998 
98.800003 
98.820000 
98.760002 
98.790001 
98.809998 
98.790001 
98.769997 
98.779999 
98.760002 
98.790001 
98.760002 
98.779999 
98.739998 
98.760002 
98.760002 
98.809998 
98.849998 
98.849998 
98.800003 
98.839996 
98.860001 
98.910004 
98.870003 
98.800003 
98.860001 
98.779999 
98.820000 
98.809998 
98.790001 
98.769997 
98.790001 
98.870003 
98.839996 
98.809998 
98.769997 
98.800003 
98.860001 
98.800003 
98.870003 
98.820000 
98.820000 
98.760002 
98.839996 
98.839996 
98.809998 
98.809998 
98.750000 
98.760002 
98.779999 
98.870003 
98.760002 
98.849998 
98.809998 
98.769997 
98.839996 
98.769997 
98.779999 
98.800003 
98.839996 
98.769997 
98.750000 
98.800003 
98.730003 
98.769997 
98.709999 
98.790001 
98.839996 
98.839996 
98.809998 
98.809998 
98.750000 
98.760002 
98.779999 
98.870003 
98.760002 
98.849998 
98.809998 
98.769997 
98.839996 
98.769997 
98.779999 
98.800003 
98.839996 
98.769997 
98.750000 
98.800003 
98.730003 
98.769997 
98.709999 
98.790001 
98.839996 
98.839996 
98.809998 
98.809998 
98.750000 
98.760002 
98.779999 
98.870003 
98.760002 
98.849998 
98.809998 
98.769997 
98.839996 
98.769997 
98.779999 
98.800003 
98.839996 
98.769997 
98.750000 
98.800003 
98.730003 
98.769997 
98.709999 
98.790001 
98.839996 
98.839996 
98.809998 
98.809998 
98.750000 
98.760002 
98.779999 
98.870003 
98.760002 
98.849998 
98.809998 
98.769997 
98.839996 
98.769997 
98.779999 
98.800003 
98.839996 
98.769997 
98.750000 
98.800003 
98.730003 
98.769997 
98.709999 
98.790001 
98.839996 
98.839996 
98.809998 
98.809998 
98.750000 
98.760002 
98.779999 
98.870003 
98.760002 
98.849998 
98.809998 
98.769997 
98.839996 
98.769997 
98.779999 
98.800003 
98.839996 
98.769997 
98.750000 
98.800003 
98.730003 
98.769997 
98.709999 
98.790001 
98.750000 
98.800003 
98.730003 
98.769997 
98.709999 
98.790001 
98.839996 
98.839996 
98.809998 
98.809998 
98.750000 
98.760002 
98.779999 
98.870003 
98.760002 
98.849998 
98.809998 
98.769997 
98.839996 
98.769997 
98.779999 
98.800003 
98.839996 
98.769997 
98.750000 
98.800003 
98.730003 
98.769997 
98.709999 
98.790001 
98.750000 
98.800003 
98.730003 
98.769997 
98.709999 
98.790001 
98.839996 
98.839996 
98.809998 
98.809998 
98.750000 
98.760002 
98.779999 
98.870003 
98.760002 
98.849998 
98.809998 
98.769997 
98.839996 
98.769997 
98.779999 
98.800003 
98.839996 
98.769997 
98.750000 
98.800003 
98.730003 
98.769997 
98.709999 
98.790001 
98.750000 
98.800003 
98.730003 
98.769997 
98.709999 
98.790001 
98.839996 
98.839996 
98.809998 
98.809998 
98.750000 
98.760002 
98.779999 
98.870003 
98.760002 
98.849998 
98.809998 
98.769997 
98.839996 
98.769997 
98.779999 
98.800003 
98.839996 
98.769997 
98.750000 
98.800003 
98.730003 
98.769997 
98.709999 
98.790001 
98.779999 
98.800003 
98.839996 
98.769997 
98.750000 
98.800003 
98.730003 
98.769997 
98.709999 
98.790001 