24.230000 
54.080002 
67.010002 
72.389999 
80.320000 
81.529999 
85.709999 
86.309998 
88.290001 
89.180000 
90.290001 
90.589996 
90.849998 
91.400002 
91.309998 
91.820000 
92.150002 
92.279999 
92.129997 
92.440002 
92.930000 
93.059998 
93.129997 
92.989998 
93.330002 
93.620003 
93.779999 
93.870003 
94.000000 
94.260002 
94.260002 
94.239998 
94.510002 
94.519997 
94.580002 
94.580002 
94.699997 
94.870003 
94.959999 
94.970001 
95.129997 
95.209999 
95.309998 
95.300003 
95.330002 
95.510002 
95.430000 
95.410004 
95.480003 
95.669998 
95.639999 
95.680000 
95.800003 
95.870003 
95.650002 
95.820000 
95.879997 
95.900002 
95.989998 
96.000000 
95.989998 
96.029999 
95.949997 
96.129997 
96.220001 
96.230003 
96.370003 
96.199997 
96.349998 
96.320000 
96.430000 
96.389999 
96.410004 
96.480003 
96.519997 
96.410004 
96.580002 
96.570000 
96.589996 
96.500000 
96.529999 
96.510002 
96.680000 
96.570000 
96.589996 
96.699997 
96.699997 
96.370003 
96.639999 
96.760002 
96.790001 
96.760002 
96.900002 
96.919998 
96.830002 
96.889999 
96.900002 
96.919998 
96.889999 
97.019997 
97.040001 
97.080002 
97.010002 
97.059998 
97.040001 
97.160004 
97.150002 
97.260002 
97.230003 
97.089996 
97.139999 
97.260002 
97.290001 
97.150002 
97.209999 
97.309998 
97.389999 
97.279999 
97.269997 
97.260002 
97.320000 
97.349998 
97.349998 
97.360001 
97.379997 
97.410004 
97.300003 
97.360001 
97.419998 
97.410004 
97.419998 
97.300003 
97.410004 
97.440002 
97.480003 
97.500000 
97.500000 
97.519997 
97.489998 
97.489998 
97.580002 
97.489998 
97.639999 
97.599998 
97.519997 
97.639999 
97.680000 
97.610001 
97.639999 
97.690002 
97.669998 
97.660004 
97.610001 
97.680000 
97.760002 
97.690002 
97.639999 
97.669998 
97.699997 
97.720001 
97.709999 
97.760002 
97.849998 
97.750000 
97.750000 
97.800003 
97.599998 
97.739998 
97.739998 
97.779999 
97.790001 
97.699997 
97.800003 
97.860001 
97.839996 
97.830002 
97.930000 
97.849998 
97.900002 
97.870003 
97.860001 
97.760002 
97.820000 
97.870003 
97.800003 
97.970001 
97.849998 
97.849998 
97.919998 
97.940002 
97.919998 
97.940002 
97.980003 
97.910004 
97.930000 
97.949997 
98.029999 
97.949997 
97.970001 
97.940002 
97.769997 
97.970001 
97.970001 
98.040001 
98.040001 
97.949997 
98.019997 
98.029999 
98.010002 
97.970001 
97.959999 
98.050003 
98.040001 
97.949997 
97.989998 
98.050003 
98.019997 
98.050003 
98.010002 
98.050003 
98.019997 
98.040001 
98.040001 
98.089996 
98.150002 
98.099998 
98.089996 
98.050003 
98.019997 
98.029999 
98.010002 
98.029999 
98.139999 
98.080002 
97.970001 
97.970001 
98.040001 
98.099998 
98.050003 
98.150002 
97.970001 
98.099998 
98.120003 
98.070000 
98.129997 
98.169998 
98.150002 
98.080002 
98.089996 
98.070000 
98.089996 
98.110001 
98.059998 
98.160004 
98.180000 
98.080002 
98.160004 
98.139999 
98.260002 
98.220001 
98.199997 
98.239998 
98.209999 
98.230003 
98.239998 
98.209999 
98.209999 
98.160004 
98.269997 
98.160004 
98.230003 
98.180000 
98.239998 
98.220001 
98.290001 
98.360001 
98.190002 
98.250000 
98.239998 
98.209999 
98.309998 
98.269997 
98.290001 
98.230003 
98.269997 
98.230003 
97.919998 
98.169998 
98.220001 
98.220001 
98.209999 
98.239998 
98.209999 
98.180000 
98.190002 
98.269997 
98.239998 
98.239998 
98.250000 
98.279999 
98.209999 
98.230003 
98.250000 
98.260002 
98.169998 
98.260002 
98.209999 
98.339996 
98.250000 
98.230003 
98.260002 
98.260002 
98.330002 
98.379997 
98.339996 
98.279999 
98.360001 
98.320000 
98.290001 
98.339996 
98.389999 
98.379997 
98.309998 
98.330002 
98.349998 
98.320000 
98.389999 
98.360001 
98.320000 
98.320000 
98.339996 
98.379997 
98.300003 
98.260002 
98.339996 
98.320000 
98.330002 
98.339996 
98.389999 
98.379997 
98.330002 
98.410004 
98.430000 
98.370003 
98.330002 
98.349998 
98.309998 
98.360001 
98.349998 
98.349998 
98.379997 
98.400002 
98.330002 
98.330002 
98.379997 
98.459999 
98.349998 
98.339996 
98.389999 
98.419998 
98.449997 
98.360001 
98.389999 
98.430000 
98.389999 
98.410004 
98.379997 
98.370003 
98.410004 
98.339996 
98.400002 
98.339996 
98.400002 
98.360001 
98.440002 
98.430000 
98.389999 
98.410004 
98.400002 
98.440002 
98.489998 
98.430000 
98.459999 
98.500000 
98.480003 
98.389999 
98.440002 
98.440002 
98.419998 
98.500000 
98.550003 
98.510002 
98.470001 
98.440002 
98.459999 
98.410004 
98.430000 
98.389999 
98.519997 
98.500000 
98.470001 
98.480003 
98.410004 
98.470001 
98.480003 
98.480003 
98.440002 
98.419998 
98.510002 
98.500000 
98.440002 
98.480003 
98.400002 
98.449997 
98.519997 
98.489998 
98.540001 
98.480003 
98.540001 
98.550003 
98.570000 
98.529999 
98.470001 
98.449997 
98.540001 
98.500000 
98.489998 
98.489998 
98.500000 
98.529999 
98.510002 
98.480003 
98.510002 
98.529999 
98.529999 
98.489998 
98.519997 
98.480003 
98.489998 
98.440002 
98.510002 
98.540001 
98.519997 
98.580002 
98.519997 
98.510002 
98.489998 
98.529999 
98.449997 
98.510002 
98.529999 
98.540001 
98.589996 
98.529999 
98.459999 
98.529999 
98.580002 
98.570000 
98.559998 
98.580002 
98.540001 
98.550003 
98.529999 
98.570000 
98.629997 
98.599998 
98.570000 
98.529999 
98.559998 
98.570000 
98.610001 
98.580002 
98.599998 
98.570000 
98.540001 
98.529999 
98.529999 
98.589996 
98.580002 
98.550003 
98.550003 
98.589996 
98.610001 
98.589996 
98.610001 
98.559998 
98.550003 
98.599998 
98.610001 
98.570000 
98.570000 
98.650002 
98.570000 
98.629997 
98.639999 
98.599998 
98.669998 
98.629997 
98.629997 
98.639999 
98.629997 
98.599998 
98.589996 
98.610001 
98.629997 
98.559998 
98.639999 
98.669998 
98.660004 
98.620003 
98.650002 
98.629997 
98.639999 
98.650002 
98.620003 
98.629997 
98.639999 
98.639999 
98.620003 
98.550003 
98.610001 
98.629997 
98.629997 
98.570000 
98.589996 
98.669998 
98.650002 
98.660004 
98.650002 
98.629997 
98.629997 
98.639999 
98.680000 
98.660004 
98.669998 
98.639999 
98.629997 
98.610001 
98.639999 
98.610001 
98.629997 
98.599998 
98.680000 
98.690002 
98.589996 
98.660004 
98.650002 
98.680000 
98.730003 
98.660004 
98.639999 
98.690002 
98.660004 
98.669998 
98.680000 
98.610001 
98.629997 
98.629997 
98.660004 
98.680000 
98.639999 
98.650002 
98.720001 
98.720001 
98.699997 
98.669998 
98.660004 
98.690002 
98.699997 
98.660004 
98.650002 
98.650002 
98.669998 
98.639999 
98.690002 
98.720001 
98.669998 
98.730003 
98.699997 
98.690002 
98.709999 
98.669998 
98.699997 
98.680000 
98.639999 
98.660004 
98.650002 
98.660004 
98.690002 
98.699997 
98.669998 
98.650002 
98.629997 
98.680000 
98.629997 
98.650002 
98.690002 
98.690002 
98.699997 
98.699997 
98.709999 
98.639999 
98.650002 
98.730003 
98.709999 
98.699997 
98.769997 
98.760002 
98.709999 
98.750000 
98.690002 
98.800003 
98.709999 
98.730003 
98.699997 
98.750000 
98.739998 
98.699997 
98.669998 
98.680000 
98.650002 
98.580002 
98.690002 
98.730003 
98.709999 
98.790001 
98.690002 
98.720001 
98.739998 
98.800003 
98.739998 
98.730003 
98.809998 
98.769997 
98.760002 
98.730003 
98.730003 
98.660004 
98.680000 
98.709999 
98.739998 
98.709999 
98.690002 
98.739998 
98.699997 
98.650002 
98.690002 
98.709999 
98.720001 
98.699997 
98.709999 
98.750000 
98.699997 
98.730003 
98.769997 
98.750000 
98.790001 
98.760002 
98.739998 
98.750000 
98.730003 
98.730003 
98.760002 
98.730003 
98.720001 
98.709999 
98.709999 
98.760002 
98.750000 
98.699997 
98.699997 
98.720001 
98.720001 
98.760002 
98.650002 
98.699997 
98.690002 
98.750000 
98.750000 
98.760002 
98.750000 
98.730003 
98.769997 
98.739998 
98.769997 
98.750000 
98.750000 
98.720001 
98.739998 
98.769997 
98.769997 
98.790001 
98.790001 
98.820000 
98.730003 
98.769997 
98.739998 
98.760002 
98.730003 
98.720001 
98.769997 
98.750000 
98.760002 
98.730003 
98.750000 
98.769997 
98.760002 
98.709999 
98.760002 
98.699997 
98.699997 
98.720001 
98.720001 
98.739998 
98.720001 
98.709999 
98.739998 
98.709999 
98.690002 
98.779999 
98.760002 
98.779999 
98.779999 
98.790001 
98.720001 
98.690002 
98.699997 
98.720001 
98.760002 
98.730003 
98.769997 
98.750000 
98.730003 
98.720001 
98.790001 
98.779999 
98.739998 
98.709999 
98.739998 
98.699997 
98.699997 
98.750000 
98.760002 
98.750000 
98.720001 
98.750000 
98.769997 
98.739998 
98.760002 
98.730003 
98.720001 
98.730003 
98.760002 
98.680000 
98.709999 
98.730003 
98.730003 
98.690002 
98.750000 
98.699997 
98.709999 
98.720001 
98.690002 
98.760002 
98.779999 
98.709999 
98.790001 
98.750000 
98.769997 
98.760002 
98.779999 
98.769997 
98.739998 
98.750000 
98.779999 
98.769997 
98.739998 
98.800003 
98.790001 
98.750000 
98.820000 
98.769997 
98.790001 
98.779999 
98.769997 
98.760002 
98.830002 
98.800003 
98.750000 
98.709999 
98.779999 
98.790001 
98.790001 
98.779999 
98.790001 
98.779999 
98.790001 
98.860001 
98.790001 
98.820000 
98.820000 
98.760002 
98.730003 
98.769997 
98.769997 
98.830002 
98.830002 
98.820000 
98.790001 
98.830002 
98.830002 
98.849998 
98.820000 
98.830002 
98.870003 
98.820000 
98.849998 
98.849998 
98.779999 
98.790001 
98.809998 
98.769997 
98.830002 
98.769997 
98.790001 
98.860001 
98.809998 
98.809998 
98.769997 
98.800003 
98.750000 
98.760002 
98.779999 
98.739998 
98.809998 
98.769997 
98.760002 
98.760002 
98.800003 
98.839996 
98.790001 
98.809998 
98.800003 
98.790001 
98.809998 
98.769997 
98.779999 
98.769997 
98.820000 
98.809998 
98.769997 
98.809998 
98.820000 
98.809998 
98.820000 
98.809998 
98.820000 
98.830002 
98.809998 
98.809998 
98.790001 
98.809998 
98.889999 
98.790001 
98.820000 
98.820000 
98.769997 
98.800003 
98.769997 
98.820000 
98.830002 
98.779999 
98.830002 
98.839996 
98.849998 
98.830002 
98.820000 
98.820000 
98.830002 
98.830002 
98.830002 
98.820000 
98.800003 
98.760002 
98.809998 
98.809998 
98.739998 
98.690002 
98.760002 
98.779999 
98.769997 
98.790001 
98.830002 
98.849998 
98.849998 
98.879997 
98.820000 
98.839996 
98.889999 
98.889999 
98.839996 
98.839996 
98.860001 
98.830002 
98.830002 
98.830002 
98.820000 
98.790001 
98.849998 
98.839996 
98.790001 
98.839996 
98.860001 
98.889999 
98.860001 
98.860001 
98.889999 
98.860001 
98.839996 
98.830002 
98.820000 
98.820000 
98.889999 
98.889999 
98.889999 
98.760002 
98.860001 
98.860001 
98.849998 
98.800003 
98.809998 
98.790001 
98.800003 
98.790001 
98.760002 
98.830002 
98.860001 
98.860001 
98.870003 
98.870003 
98.830002 
98.820000 
98.779999 
98.769997 
98.779999 
98.809998 
98.800003 
98.849998 
98.830002 
98.820000 
98.849998 
98.839996 
98.830002 
98.800003 
98.839996 
98.820000 
98.849998 
98.849998 
98.809998 
98.849998 
98.849998 
98.830002 
98.839996 
98.860001 
98.900002 
98.889999 
98.809998 
98.879997 
98.839996 
98.830002 
98.849998 
98.769997 
98.830002 
98.820000 
98.839996 
98.870003 
98.839996 
98.870003 
98.839996 
98.879997 
98.860001 
98.870003 
98.849998 
98.809998 
98.830002 
98.830002 
98.830002 
98.860001 
98.830002 
98.870003 
98.839996 
98.790001 
98.809998 
98.849998 
98.830002 
98.779999 
98.800003 
98.769997 
98.809998 
98.849998 
