12.310000 
12.560000 
12.710000 
12.950000 
13.180000 
13.350000 
13.560000 
13.600000 
13.610000 
13.670000 
13.890000 
13.960000 
14.020000 
13.890000 
13.970000 
13.840000 
13.760000 
13.870000 
13.810000 
14.030000 
13.860000 
13.880000 
13.780000 
13.960000 
14.040000 
14.250000 
14.290000 
14.280000 
14.350000 
14.250000 
14.500000 
14.600000 
14.750000 
14.880000 
14.920000 
15.010000 
15.260000 
15.520000 
15.740000 
15.840000 
16.139999 
16.290001 
16.410000 
16.650000 
16.959999 
17.139999 
17.430000 
17.520000 
17.959999 
18.430000 
18.850000 
19.299999 
19.500000 
19.740000 
19.920000 
20.420000 
20.840000 
21.180000 
21.910000 
22.190001 
22.340000 
22.980000 
23.350000 
23.670000 
24.350000 
24.969999 
25.480000 
25.790001 
25.870001 
26.280001 
26.370001 
26.780001 
27.230000 
27.510000 
28.070000 
28.170000 
28.580000 
28.549999 
29.100000 
29.469999 
29.600000 
29.590000 
29.400000 
29.809999 
29.850000 
30.110001 
30.410000 
30.719999 
31.049999 
31.370001 
31.680000 
31.809999 
32.049999 
32.060001 
32.349998 
32.580002 
32.910000 
33.340000 
33.570000 
33.770000 
34.020000 
34.459999 
34.919998 
35.320000 
35.549999 
35.730000 
36.099998 
36.439999 
36.599998 
36.860001 
37.230000 
37.090000 
37.310001 
37.689999 
38.150002 
38.180000 
38.570000 
38.680000 
39.160000 
39.540001 
39.900002 
40.110001 
40.349998 
40.090000 
40.610001 
40.970001 
41.230000 
41.639999 
41.910000 
42.220001 
42.680000 
43.060001 
43.250000 
43.740002 
43.980000 
44.180000 
44.250000 
44.180000 
44.619999 
44.410000 
44.970001 
45.279999 
45.730000 
45.740002 
46.349998 
46.680000 
47.040001 
47.599998 
47.790001 
48.259998 
48.730000 
49.540001 
50.029999 
50.630001 
50.980000 
51.540001 
52.189999 
52.740002 
53.419998 
53.520000 
54.090000 
53.930000 
54.500000 
54.869999 
55.270000 
55.840000 
56.119999 
56.279999 
56.660000 
56.939999 
57.009998 
57.169998 
57.330002 
57.740002 
58.000000 
58.290001 
58.930000 
59.430000 
59.689999 
60.029999 
60.029999 
60.299999 
60.619999 
60.910000 
60.529999 
60.849998 
60.700001 
61.099998 
61.340000 
61.520000 
62.009998 
62.090000 
61.880001 
62.009998 
62.330002 
62.279999 
62.349998 
62.529999 
62.299999 
62.590000 
62.790001 
62.779999 
62.680000 
62.689999 
62.669998 
62.950001 
63.279999 
63.169998 
63.130001 
63.389999 
63.630001 
63.750000 
64.000000 
64.290001 
64.250000 
64.360001 
64.510002 
64.570000 
64.680000 
64.720001 
64.809998 
64.559998 
64.400002 
64.459999 
64.379997 
64.389999 
64.510002 
64.709999 
64.690002 
64.389999 
64.540001 
64.330002 
64.339996 
64.519997 
64.160004 
64.150002 
64.300003 
64.059998 
64.080002 
64.129997 
64.169998 
64.540001 
64.680000 
64.449997 
64.559998 
64.449997 
64.449997 
64.180000 
64.099998 
64.790001 
64.900002 
64.800003 
65.050003 
64.680000 
64.860001 
64.750000 
64.559998 
64.769997 
65.269997 
65.089996 
64.980003 
64.910004 
64.839996 
64.900002 
64.660004 
64.699997 
64.580002 
64.589996 
64.540001 
64.650002 
64.879997 
65.250000 
65.250000 
65.660004 
65.430000 
66.080002 
66.089996 
66.360001 
66.169998 
66.339996 
66.099998 
66.089996 
66.099998 
65.720001 
66.040001 
66.279999 
66.480003 
66.879997 
66.930000 
66.839996 
66.900002 
66.489998 
66.820000 
66.769997 
66.870003 
66.900002 
67.300003 
67.940002 
67.949997 
68.010002 
68.129997 
67.680000 
68.050003 
68.370003 
68.010002 
68.190002 
68.309998 
68.410004 
68.519997 
68.550003 
68.269997 
68.379997 
68.739998 
68.940002 
68.559998 
68.650002 
68.889999 
68.919998 
69.239998 
69.510002 
69.449997 
69.730003 
69.750000 
70.029999 
70.019997 
70.129997 
70.430000 
70.540001 
71.110001 
70.650002 
70.629997 
70.620003 
70.750000 
70.629997 
70.760002 
70.980003 
71.279999 
71.279999 
71.440002 
71.809998 
72.050003 
72.070000 
72.050003 
72.209999 
72.290001 
72.580002 
72.610001 
72.790001 
72.529999 
72.949997 
73.150002 
73.199997 
73.930000 
74.230003 
74.419998 
74.669998 
75.080002 
74.610001 
74.809998 
75.430000 
75.260002 
74.940002 
75.449997 
75.580002 
75.559998 
75.570000 
75.620003 
75.660004 
76.129997 
76.089996 
76.339996 
76.330002 
76.459999 
76.620003 
77.029999 
77.190002 
77.080002 
77.209999 
77.339996 
77.589996 
77.489998 
77.500000 
77.550003 
77.809998 
77.889999 
77.760002 
77.620003 
77.529999 
77.690002 
77.800003 
78.120003 
78.419998 
78.599998 
78.610001 
78.480003 
78.730003 
78.919998 
79.419998 
79.410004 
79.599998 
79.589996 
79.449997 
79.570000 
79.629997 
79.400002 
79.360001 
79.209999 
79.529999 
79.730003 
79.720001 
79.550003 
79.690002 
80.040001 
80.199997 
80.320000 
80.500000 
80.330002 
80.379997 
80.290001 
80.589996 
80.669998 
80.589996 
80.830002 
81.080002 
81.150002 
80.900002 
81.190002 
81.410004 
81.370003 
81.510002 
81.290001 
81.620003 
81.070000 
81.209999 
81.480003 
81.580002 
81.660004 
81.809998 
81.889999 
81.629997 
81.660004 
81.730003 
81.730003 
81.660004 
81.879997 
81.870003 
82.099998 
82.160004 
82.089996 
82.110001 
82.260002 
82.320000 
82.300003 
82.389999 
82.430000 
82.379997 
82.449997 
82.550003 
82.769997 
82.760002 
82.300003 
82.510002 
82.540001 
82.639999 
82.910004 
82.870003 
82.849998 
82.889999 
82.830002 
82.820000 
82.910004 
83.029999 
82.980003 
83.010002 
83.089996 
83.040001 
83.010002 
83.059998 
83.070000 
83.040001 
83.099998 
83.199997 
83.110001 
83.180000 
83.190002 
83.540001 
83.360001 
83.389999 
83.419998 
83.430000 
83.360001 
83.449997 
83.470001 
83.599998 
83.580002 
83.599998 
83.519997 
83.410004 
83.529999 
83.699997 
83.690002 
83.790001 
83.790001 
83.980003 
84.070000 
83.910004 
84.029999 
83.889999 
84.099998 
84.239998 
84.290001 
84.309998 
84.349998 
84.139999 
84.309998 
84.290001 
84.269997 
84.120003 
84.239998 
84.129997 
84.220001 
84.400002 
84.410004 
84.470001 
84.540001 
84.599998 
84.419998 
84.459999 
84.400002 
84.580002 
84.639999 
84.529999 
84.620003 
84.650002 
84.669998 
84.779999 
84.459999 
84.629997 
84.790001 
84.669998 
84.839996 
85.000000 
85.010002 
85.209999 
85.089996 
84.949997 
84.970001 
84.889999 
84.699997 
84.839996 
85.000000 
84.989998 
85.120003 
84.959999 
84.889999 
85.029999 
85.360001 
85.320000 
85.260002 
85.300003 
85.419998 
85.400002 
85.190002 
85.410004 
85.320000 
85.449997 
85.470001 
85.559998 
85.570000 
85.519997 
85.489998 
85.680000 
85.620003 
85.750000 
85.760002 
85.750000 
85.660004 
85.419998 
85.500000 
85.470001 
85.839996 
85.800003 
85.709999 
85.760002 
85.779999 
85.750000 
85.660004 
85.669998 
85.800003 
85.769997 
85.889999 
85.860001 
85.820000 
85.959999 
85.989998 
86.080002 
85.959999 
86.059998 
85.830002 
85.879997 
85.919998 
86.139999 
86.230003 
86.129997 
86.279999 
86.220001 
86.260002 
86.139999 
86.230003 
86.160004 
86.320000 
86.379997 
86.250000 
86.209999 
86.190002 
86.180000 
86.059998 
86.320000 
86.339996 
86.470001 
86.360001 
86.410004 
86.510002 
86.519997 
86.449997 
86.589996 
86.480003 
86.570000 
86.480003 
86.449997 
86.400002 
86.440002 
86.459999 
86.510002 
86.610001 
86.620003 
86.699997 
86.790001 
86.690002 
86.820000 
86.889999 
86.769997 
86.800003 
86.980003 
87.019997 
86.989998 
87.040001 
86.779999 
86.839996 
86.949997 
86.800003 
86.809998 
86.870003 
86.860001 
86.809998 
86.959999 
86.849998 
86.900002 
86.980003 
86.919998 
86.910004 
87.000000 
86.970001 
86.989998 
87.000000 
87.029999 
87.059998 
87.239998 
86.910004 
87.089996 
87.080002 
87.220001 
87.360001 
87.260002 
87.330002 
87.370003 
87.470001 
87.349998 
87.300003 
87.290001 
87.410004 
87.199997 
87.279999 
87.269997 
87.279999 
87.290001 
87.400002 
87.459999 
87.459999 
87.330002 
87.470001 
87.480003 
87.379997 
87.489998 
87.400002 
87.570000 
87.610001 
87.470001 
87.419998 
87.459999 
87.639999 
87.629997 
87.730003 
87.720001 
87.419998 
87.589996 
87.570000 
87.790001 
87.720001 
87.790001 
87.690002 
87.739998 
87.699997 
87.660004 
87.470001 
87.720001 
87.720001 
87.680000 
87.699997 
87.669998 
87.699997 
87.589996 
87.790001 
87.930000 
88.099998 
87.809998 
87.800003 
87.959999 
88.059998 
88.110001 
88.050003 
88.129997 
88.120003 
88.260002 
88.150002 
88.089996 
88.199997 
88.239998 
88.190002 
88.239998 
88.230003 
88.139999 
87.940002 
88.080002 
88.000000 
87.910004 
87.949997 
88.019997 
88.050003 
88.080002 
88.000000 
88.019997 
88.279999 
88.269997 
88.260002 
88.250000 
88.150002 
88.379997 
88.379997 
88.419998 
88.480003 
88.480003 
88.500000 
88.389999 
88.410004 
88.480003 
88.250000 
88.290001 
88.260002 
88.570000 
88.510002 
88.440002 
88.559998 
88.580002 
88.449997 
88.459999 
88.639999 
88.650002 
88.720001 
88.559998 
88.620003 
88.559998 
88.620003 
88.639999 
88.470001 
88.470001 
88.650002 
88.510002 
88.629997 
88.589996 
88.639999 
88.580002 
88.720001 
88.730003 
88.750000 
88.760002 
88.690002 
88.589996 
88.599998 
88.599998 
88.639999 
88.580002 
88.690002 
88.519997 
88.750000 
88.779999 
88.669998 
88.769997 
88.900002 
88.870003 
88.809998 
88.750000 
88.860001 
88.809998 
88.980003 
88.930000 
89.000000 
89.040001 
88.989998 
89.029999 
88.989998 
89.040001 
89.070000 
89.040001 
89.059998 
88.910004 
88.519997 
88.820000 
88.949997 
88.989998 
88.870003 
88.900002 
88.839996 
88.940002 
88.930000 
89.000000 
89.000000 
89.099998 
89.089996 
89.160004 
89.040001 
89.110001 
89.199997 
89.250000 
89.209999 
89.190002 
89.279999 
89.370003 
89.230003 
89.370003 
89.449997 
89.349998 
89.190002 
89.230003 
89.260002 
89.320000 
89.379997 
89.300003 
89.309998 
89.410004 
89.360001 
89.440002 
89.400002 
89.410004 
89.459999 
89.430000 
89.370003 
89.330002 
89.440002 
89.379997 
89.410004 
89.500000 
89.440002 
89.440002 
89.529999 
89.440002 
89.559998 
89.559998 
89.550003 
89.650002 
89.629997 
89.570000 
89.370003 
89.389999 
89.500000 
89.389999 
89.470001 
89.610001 
89.730003 
89.730003 
89.660004 
89.650002 
89.559998 
89.650002 
89.769997 
89.629997 
89.709999 
89.699997 
89.580002 
89.620003 
89.820000 
89.669998 
89.709999 
89.650002 
89.769997 
89.739998 
89.720001 
89.760002 
89.739998 
89.639999 
89.699997 
89.790001 
89.779999 
89.570000 
89.800003 
89.820000 
89.839996 
89.989998 
89.879997 
89.889999 
89.910004 
89.879997 
89.779999 
89.860001 
90.080002 
89.989998 
89.980003 
90.000000 
89.910004 
89.800003 
89.940002 
90.019997 
89.940002 
90.019997 
90.059998 
90.110001 
89.949997 
89.889999 
89.970001 
90.010002 
89.980003 
89.930000 
89.980003 
90.110001 
89.919998 
90.040001 
90.050003 
90.089996 
90.120003 
90.070000 
90.010002 
89.989998 
90.150002 
90.199997 
90.019997 
90.010002 
90.070000 
90.070000 
90.089996 
90.160004 
90.190002 
90.209999 
90.129997 
90.139999 
90.129997 
90.250000 
90.220001 
90.250000 
90.209999 
90.239998 
90.190002 
90.209999 
90.099998 
90.169998 
90.099998 
90.220001 
90.220001 
90.290001 
90.309998 
90.290001 
90.239998 
90.269997 
90.239998 
90.379997 
90.260002 
90.430000 
90.449997 
90.430000 
90.370003 
90.349998 
90.360001 
90.370003 
90.400002 
90.370003 
90.349998 
90.309998 
90.339996 
90.379997 
90.449997 
90.370003 
