9.090000 
14.560000 
15.640000 
17.139999 
18.629999 
20.750000 
25.240000 
30.040001 
32.230000 
35.939999 
34.410000 
38.200001 
42.799999 
50.110001 
54.779999 
59.060001 
53.980000 
61.279999 
66.989998 
62.889999 
67.120003 
70.519997 
69.230003 
71.099998 
73.040001 
74.529999 
74.940002 
76.220001 
77.099998 
78.970001 
79.260002 
79.459999 
80.639999 
81.220001 
81.199997 
82.760002 
82.279999 
83.360001 
83.440002 
84.000000 
84.190002 
84.550003 
84.570000 
85.379997 
85.629997 
85.839996 
86.190002 
86.330002 
86.529999 
86.839996 
86.919998 
87.010002 
86.959999 
87.599998 
87.470001 
87.459999 
88.449997 
88.250000 
88.330002 
88.620003 
88.809998 
89.040001 
88.980003 
89.099998 
89.120003 
89.250000 
89.489998 
88.220001 
89.669998 
89.709999 
89.669998 
89.599998 
89.059998 
90.160004 
90.529999 
90.550003 
90.699997 
90.440002 
90.669998 
90.790001 
90.629997 
90.830002 
91.059998 
91.070000 
91.230003 
91.320000 
91.279999 
91.250000 
91.430000 
91.480003 
91.660004 
91.750000 
91.790001 
91.849998 
91.750000 
91.849998 
91.870003 
92.089996 
92.129997 
91.930000 
91.919998 
92.139999 
92.220001 
92.269997 
92.250000 
92.250000 
92.269997 
92.400002 
92.339996 
92.449997 
92.510002 
92.570000 
92.599998 
92.660004 
92.650002 
92.610001 
92.669998 
92.680000 
92.769997 
92.709999 
92.800003 
92.919998 
92.910004 
93.019997 
92.980003 
93.150002 
93.099998 
93.019997 
93.169998 
93.099998 
93.099998 
93.239998 
93.230003 
93.339996 
93.209999 
93.269997 
93.349998 
93.330002 
93.360001 
93.519997 
93.489998 
93.599998 
93.470001 
93.480003 
93.610001 
93.610001 
93.629997 
93.639999 
93.730003 
93.739998 
93.750000 
93.750000 
93.739998 
93.739998 
93.559998 
93.809998 
93.849998 
93.900002 
93.860001 
93.800003 
93.940002 
93.919998 
94.040001 
94.080002 
93.900002 
93.919998 
93.889999 
93.970001 
93.949997 
94.029999 
94.019997 
94.110001 
94.089996 
94.190002 
94.230003 
94.339996 
94.160004 
94.300003 
94.230003 
94.410004 
94.370003 
94.220001 
94.400002 
94.389999 
94.489998 
94.339996 
94.400002 
94.370003 
94.449997 
94.459999 
94.440002 
94.379997 
94.550003 
94.489998 
94.580002 
94.589996 
94.550003 
94.599998 
94.550003 
94.680000 
94.660004 
94.480003 
94.660004 
94.639999 
94.639999 
94.680000 
94.610001 
94.669998 
94.750000 
94.839996 
94.730003 
94.860001 
94.830002 
94.769997 
94.800003 
94.800003 
94.870003 
94.900002 
94.910004 
94.970001 
94.919998 
95.000000 
95.040001 
94.970001 
94.970001 
94.940002 
95.050003 
95.040001 
95.129997 
95.070000 
94.980003 
95.000000 
95.070000 
95.129997 
95.139999 
95.099998 
95.180000 
95.129997 
95.150002 
95.169998 
95.160004 
95.139999 
95.050003 
95.230003 
95.169998 
95.300003 
95.150002 
95.209999 
95.290001 
95.360001 
95.370003 
95.320000 
95.300003 
95.250000 
95.309998 
95.459999 
95.379997 
95.320000 
95.430000 
95.410004 
95.430000 
95.410004 
95.400002 
95.360001 
95.410004 
95.400002 
95.410004 
95.489998 
95.459999 
95.440002 
95.459999 
95.430000 
95.440002 
95.430000 
95.510002 
95.459999 
95.589996 
95.599998 
95.639999 
95.529999 
95.599998 
95.650002 
95.550003 
95.610001 
95.690002 
95.610001 
95.660004 
95.720001 
95.660004 
95.639999 
95.660004 
95.779999 
95.720001 
95.660004 
95.690002 
95.629997 
95.690002 
95.690002 
95.720001 
95.650002 
95.720001 
95.750000 
95.750000 
95.739998 
95.809998 
95.800003 
95.870003 
95.879997 
95.870003 
95.860001 
95.839996 
95.790001 
95.779999 
95.769997 
95.830002 
95.830002 
95.800003 
95.870003 
95.860001 
95.949997 
95.809998 
95.919998 
95.959999 
95.910004 
95.949997 
96.010002 
95.910004 
96.019997 
95.940002 
95.970001 
96.040001 
96.040001 
95.989998 
96.040001 
96.000000 
95.930000 
95.959999 
96.029999 
96.040001 
96.150002 
96.089996 
96.099998 
96.169998 
96.110001 
96.029999 
96.160004 
96.139999 
96.050003 
96.129997 
96.150002 
96.160004 
96.129997 
96.139999 
96.029999 
96.099998 
95.989998 
96.150002 
96.169998 
96.190002 
96.209999 
96.190002 
96.089996 
96.250000 
96.180000 
96.220001 
96.199997 
96.150002 
96.260002 
96.309998 
96.099998 
96.110001 
96.300003 
96.239998 
96.320000 
96.300003 
96.330002 
96.250000 
96.260002 
96.339996 
96.230003 
96.209999 
96.320000 
96.320000 
96.269997 
96.389999 
96.389999 
96.360001 
96.389999 
96.330002 
96.400002 
96.400002 
96.370003 
96.379997 
96.430000 
96.480003 
96.440002 
96.400002 
96.510002 
96.370003 
96.449997 
96.500000 
96.410004 
96.500000 
96.449997 
96.470001 
96.470001 
96.470001 
96.470001 
96.529999 
96.470001 
96.550003 
96.559998 
96.519997 
96.459999 
96.529999 
96.529999 
96.459999 
96.489998 
96.470001 
96.529999 
96.529999 
96.480003 
96.620003 
96.589996 
96.580002 
96.559998 
96.570000 
96.559998 
96.599998 
96.559998 
96.589996 
96.589996 
96.620003 
96.629997 
96.620003 
96.629997 
96.639999 
96.709999 
96.660004 
96.599998 
96.680000 
96.620003 
96.589996 
96.559998 
96.589996 
96.629997 
96.570000 
96.629997 
96.629997 
96.550003 
96.699997 
96.650002 
96.639999 
96.639999 
96.699997 
96.650002 
96.669998 
96.750000 
96.660004 
96.699997 
96.680000 
96.720001 
96.779999 
96.830002 
96.800003 
96.750000 
96.720001 
96.760002 
96.730003 
96.800003 
96.739998 
96.820000 
96.730003 
96.790001 
96.820000 
96.830002 
96.760002 
96.800003 
96.699997 
96.779999 
96.779999 
96.760002 
96.830002 
96.790001 
96.690002 
96.699997 
96.809998 
96.839996 
96.750000 
96.779999 
96.820000 
96.769997 
96.790001 
96.809998 
96.830002 
96.800003 
96.809998 
96.809998 
96.820000 
96.839996 
96.830002 
96.769997 
96.919998 
96.839996 
96.809998 
96.900002 
96.839996 
96.900002 
96.849998 
96.879997 
96.800003 
96.889999 
96.809998 
96.889999 
96.970001 
96.940002 
96.820000 
96.879997 
96.900002 
96.860001 
96.879997 
96.870003 
96.989998 
97.000000 
96.949997 
97.000000 
96.970001 
96.949997 
96.980003 
96.949997 
96.980003 
96.989998 
97.010002 
97.019997 
97.070000 
97.040001 
97.029999 
96.980003 
96.949997 
97.019997 
97.000000 
97.010002 
96.959999 
96.970001 
96.980003 
96.989998 
97.019997 
97.010002 
97.029999 
97.110001 
97.080002 
97.080002 
97.089996 
96.989998 
97.029999 
97.029999 
97.050003 
97.070000 
97.059998 
97.029999 
97.070000 
97.080002 
97.029999 
97.040001 
97.010002 
97.000000 
97.040001 
97.059998 
97.059998 
97.040001 
97.059998 
97.089996 
96.989998 
96.989998 
97.110001 
97.099998 
97.099998 
97.080002 
97.000000 
97.050003 
97.190002 
97.070000 
97.110001 
97.050003 
97.080002 
97.110001 
97.169998 
97.099998 
97.080002 
97.120003 
97.059998 
97.110001 
97.089996 
97.089996 
97.089996 
97.160004 
97.000000 
97.110001 
97.080002 
97.110001 
97.080002 
97.169998 
97.120003 
97.099998 
97.110001 
97.139999 
97.050003 
97.110001 
97.129997 
97.199997 
97.239998 
97.199997 
97.190002 
97.169998 
97.190002 
97.250000 
97.209999 
97.230003 
97.309998 
97.199997 
97.180000 
97.309998 
97.250000 
97.239998 
97.199997 
97.269997 
97.180000 
97.209999 
97.190002 
97.150002 
97.269997 
97.190002 
97.260002 
97.230003 
97.260002 
97.250000 
97.209999 
97.209999 
97.250000 
97.220001 
97.199997 
97.180000 
97.150002 
97.220001 
97.180000 
97.300003 
97.290001 
97.230003 
97.250000 
97.279999 
97.279999 
97.220001 
97.269997 
97.250000 
97.260002 
97.269997 
97.220001 
97.150002 
97.230003 
97.239998 
97.220001 
97.279999 
97.370003 
97.269997 
97.320000 
97.300003 
97.339996 
97.309998 
97.260002 
97.290001 
97.199997 
97.190002 
97.250000 
97.309998 
97.360001 
97.320000 
97.290001 
97.290001 
97.309998 
97.370003 
97.370003 
97.349998 
97.379997 
97.290001 
97.339996 
97.330002 
97.379997 
97.349998 
97.370003 
97.330002 
97.360001 
97.360001 
97.400002 
97.370003 
97.370003 
97.430000 
97.379997 
97.389999 
97.320000 
97.360001 
97.330002 
97.389999 
97.459999 
97.419998 
97.370003 
97.410004 
97.419998 
97.400002 
97.419998 
97.360001 
97.419998 
97.449997 
97.449997 
97.430000 
97.379997 
97.449997 
97.410004 
97.379997 
97.449997 
97.360001 
97.449997 
97.349998 
97.360001 
97.440002 
97.419998 
97.419998 
97.419998 
97.440002 
97.470001 
97.459999 
97.410004 
97.510002 
97.519997 
97.529999 
97.459999 
97.459999 
97.379997 
97.470001 
97.500000 
97.440002 
97.510002 
97.550003 
97.470001 
97.500000 
97.480003 
97.440002 
97.419998 
97.430000 
97.389999 
97.449997 
97.449997 
97.410004 
97.510002 
97.510002 
97.529999 
97.599998 
97.449997 
97.470001 
97.419998 
97.459999 
97.449997 
97.489998 
97.510002 
97.459999 
97.459999 
97.559998 
97.540001 
97.519997 
97.510002 
97.570000 
97.540001 
97.589996 
97.540001 
97.540001 
97.519997 
97.519997 
97.550003 
97.449997 
97.510002 
97.489998 
97.519997 
97.559998 
97.550003 
97.480003 
97.459999 
97.470001 
97.449997 
97.519997 
97.519997 
97.580002 
97.550003 
97.610001 
97.529999 
97.519997 
97.500000 
97.570000 
97.500000 
97.510002 
97.519997 
97.550003 
97.500000 
97.570000 
97.550003 
97.519997 
97.519997 
97.529999 
97.540001 
97.529999 
97.540001 
97.570000 
97.639999 
97.580002 
97.510002 
97.500000 
97.620003 
97.629997 
97.559998 
97.519997 
97.540001 
97.580002 
97.610001 
97.570000 
97.580002 
97.580002 
97.550003 
97.570000 
97.580002 
97.599998 
97.599998 
97.650002 
97.550003 
97.580002 
97.570000 
97.580002 
97.550003 
97.540001 
97.680000 
97.529999 
97.629997 
97.629997 
97.529999 
97.570000 
97.500000 
97.540001 
97.519997 
97.529999 
97.480003 
97.580002 
97.620003 
97.650002 
97.599998 
97.599998 
97.589996 
97.610001 
97.620003 
97.589996 
97.610001 
97.599998 
97.629997 
97.589996 
97.610001 
97.629997 
97.589996 
97.570000 
97.629997 
97.599998 
97.529999 
97.650002 
97.639999 
97.589996 
97.620003 
97.669998 
97.599998 
97.589996 
97.629997 
97.669998 
97.660004 
97.680000 
97.660004 
97.580002 
97.680000 
97.629997 
97.639999 
97.650002 
97.650002 
97.559998 
97.669998 
97.650002 
97.669998 
97.660004 
97.690002 
97.639999 
97.620003 
97.680000 
97.709999 
97.690002 
97.669998 
97.650002 
97.739998 
97.730003 
97.660004 
97.690002 
97.769997 
97.739998 
97.699997 
97.720001 
97.650002 
97.669998 
97.660004 
97.699997 
97.660004 
97.669998 
97.669998 
97.709999 
97.650002 
97.680000 
97.699997 
97.730003 
97.699997 
97.680000 
97.709999 
97.720001 
97.709999 
97.730003 
97.730003 
97.699997 
97.680000 
97.709999 
97.739998 
97.709999 
97.660004 
97.720001 
97.669998 
97.730003 
97.599998 
97.690002 
97.669998 
97.680000 
97.720001 
97.669998 
97.709999 
97.669998 
97.650002 
97.639999 
97.709999 
97.690002 
97.709999 
97.709999 
97.680000 
97.680000 
97.720001 
97.720001 
97.699997 
97.709999 
97.720001 
97.730003 
97.699997 
97.680000 
97.690002 
97.730003 
97.669998 
97.730003 
97.760002 
97.769997 
97.769997 
97.830002 
97.830002 
97.830002 
97.739998 
97.760002 
97.739998 
97.779999 
97.790001 
97.739998 
97.839996 
97.790001 
97.790001 
97.889999 
97.849998 
97.839996 
97.800003 
97.820000 
97.809998 
97.790001 
97.790001 
97.830002 
97.800003 
97.809998 
97.730003 
97.760002 
97.800003 
97.809998 
97.720001 
97.809998 
97.809998 
97.809998 
97.830002 
97.830002 
97.839996 
97.889999 
