10.470000 
11.020000 
11.220000 
11.630000 
11.430000 
11.500000 
11.520000 
12.210000 
14.370000 
20.139999 
22.610001 
24.850000 
31.120001 
30.299999 
31.910000 
36.139999 
42.400002 
47.470001 
52.950001 
54.459999 
54.439999 
58.389999 
57.980000 
62.630001 
64.110001 
64.529999 
66.400002 
68.290001 
70.709999 
72.419998 
73.980003 
75.730003 
75.709999 
77.379997 
77.620003 
79.650002 
79.150002 
80.720001 
80.510002 
81.519997 
81.209999 
82.220001 
82.220001 
83.430000 
83.940002 
84.639999 
84.029999 
85.220001 
85.360001 
85.720001 
86.250000 
86.370003 
86.989998 
86.779999 
87.099998 
87.360001 
87.589996 
87.989998 
87.650002 
87.690002 
88.129997 
87.940002 
88.150002 
88.410004 
88.949997 
88.650002 
88.430000 
88.779999 
88.959999 
89.690002 
89.309998 
89.599998 
89.660004 
89.650002 
89.930000 
90.129997 
90.300003 
90.190002 
90.320000 
90.519997 
90.320000 
90.650002 
90.470001 
90.790001 
90.790001 
90.769997 
91.080002 
90.830002 
91.099998 
91.129997 
91.190002 
91.400002 
91.510002 
91.500000 
91.669998 
91.570000 
91.250000 
91.839996 
91.790001 
91.650002 
91.940002 
91.889999 
92.180000 
92.150002 
92.199997 
92.279999 
92.239998 
92.260002 
92.370003 
92.339996 
92.400002 
92.580002 
92.440002 
92.610001 
92.629997 
92.790001 
92.720001 
92.839996 
93.019997 
92.809998 
92.820000 
92.820000 
93.029999 
93.290001 
92.830002 
93.209999 
93.279999 
93.290001 
93.389999 
93.379997 
93.480003 
93.639999 
93.669998 
93.570000 
93.540001 
93.610001 
93.730003 
93.669998 
93.610001 
93.660004 
93.709999 
93.680000 
93.830002 
93.949997 
93.830002 
93.820000 
93.919998 
93.959999 
93.919998 
94.050003 
94.129997 
94.040001 
94.050003 
93.989998 
94.010002 
94.029999 
94.209999 
94.230003 
94.309998 
94.169998 
94.279999 
94.180000 
94.349998 
94.360001 
94.360001 
94.440002 
94.410004 
94.459999 
94.519997 
94.550003 
94.550003 
94.400002 
94.519997 
94.510002 
94.540001 
94.529999 
94.599998 
94.580002 
94.660004 
94.860001 
94.669998 
94.800003 
94.769997 
94.510002 
94.589996 
94.769997 
94.690002 
94.669998 
94.940002 
94.860001 
94.820000 
94.900002 
94.879997 
94.849998 
94.949997 
94.980003 
94.970001 
94.919998 
95.070000 
94.889999 
95.070000 
95.029999 
95.089996 
95.099998 
95.010002 
94.989998 
95.089996 
95.180000 
95.180000 
95.209999 
95.220001 
95.290001 
95.290001 
95.260002 
95.129997 
95.300003 
95.300003 
95.330002 
95.260002 
95.300003 
95.309998 
95.339996 
95.300003 
95.379997 
95.410004 
95.360001 
95.470001 
95.470001 
95.379997 
95.309998 
95.379997 
95.449997 
95.480003 
95.510002 
95.400002 
95.410004 
95.459999 
95.440002 
95.480003 
95.510002 
95.410004 
95.519997 
95.519997 
95.589996 
95.550003 
95.589996 
95.599998 
95.519997 
95.669998 
95.660004 
95.650002 
95.610001 
95.629997 
95.639999 
95.730003 
95.669998 
95.610001 
95.620003 
95.739998 
95.730003 
95.809998 
95.790001 
95.739998 
95.750000 
95.760002 
95.739998 
95.739998 
95.790001 
95.849998 
95.849998 
95.800003 
95.790001 
95.879997 
95.830002 
95.930000 
95.879997 
95.839996 
95.900002 
95.870003 
95.860001 
95.870003 
95.930000 
95.970001 
96.010002 
95.940002 
95.949997 
96.000000 
96.010002 
95.919998 
95.980003 
96.019997 
96.050003 
96.000000 
95.989998 
95.930000 
95.970001 
95.989998 
96.029999 
95.980003 
95.980003 
96.050003 
96.070000 
96.000000 
96.050003 
96.059998 
95.919998 
96.129997 
96.150002 
96.209999 
96.169998 
96.169998 
96.139999 
96.099998 
96.110001 
96.180000 
96.160004 
96.199997 
96.209999 
96.260002 
96.260002 
96.250000 
96.250000 
96.230003 
96.129997 
96.269997 
96.260002 
96.300003 
96.309998 
96.190002 
96.199997 
96.269997 
96.209999 
96.309998 
96.300003 
96.360001 
96.330002 
96.349998 
96.379997 
96.360001 
96.400002 
96.360001 
96.400002 
96.400002 
96.379997 
96.300003 
96.330002 
96.459999 
96.440002 
96.410004 
96.410004 
96.400002 
96.389999 
96.449997 
96.419998 
96.370003 
96.430000 
96.440002 
96.470001 
96.410004 
96.449997 
96.500000 
96.470001 
96.459999 
96.510002 
96.639999 
96.639999 
96.540001 
96.519997 
96.470001 
96.440002 
96.470001 
96.559998 
96.419998 
96.449997 
96.519997 
96.449997 
96.440002 
96.519997 
96.559998 
96.550003 
96.519997 
96.599998 
96.599998 
96.620003 
96.540001 
96.559998 
96.519997 
96.570000 
96.519997 
96.559998 
96.570000 
96.550003 
96.570000 
96.559998 
96.599998 
96.570000 
96.580002 
96.599998 
96.589996 
96.629997 
96.690002 
96.589996 
96.610001 
96.599998 
96.589996 
96.639999 
96.610001 
96.559998 
96.589996 
96.680000 
96.699997 
96.709999 
96.620003 
96.589996 
96.669998 
96.660004 
96.639999 
96.620003 
96.769997 
96.739998 
96.709999 
96.690002 
96.730003 
96.639999 
96.750000 
96.690002 
96.760002 
96.720001 
96.720001 
96.660004 
96.639999 
96.709999 
96.760002 
96.779999 
96.709999 
96.720001 
96.760002 
96.720001 
96.680000 
96.720001 
96.730003 
96.730003 
96.750000 
96.839996 
96.760002 
96.830002 
96.820000 
96.900002 
96.809998 
96.889999 
96.849998 
96.900002 
96.930000 
96.910004 
96.970001 
96.989998 
96.900002 
96.879997 
96.870003 
96.830002 
96.830002 
96.800003 
96.839996 
96.889999 
96.879997 
96.849998 
96.860001 
96.870003 
96.889999 
96.940002 
96.860001 
96.919998 
97.000000 
96.980003 
96.879997 
96.989998 
96.919998 
96.870003 
96.830002 
96.930000 
96.949997 
96.870003 
96.980003 
96.889999 
96.959999 
96.949997 
97.019997 
97.010002 
97.059998 
97.029999 
97.059998 
97.050003 
97.080002 
97.029999 
97.029999 
96.959999 
96.930000 
96.970001 
97.059998 
97.010002 
97.070000 
97.040001 
97.099998 
97.089996 
97.010002 
97.080002 
97.050003 
97.099998 
97.099998 
97.070000 
97.150002 
97.050003 
97.099998 
97.089996 
97.099998 
97.120003 
97.169998 
97.190002 
97.199997 
97.139999 
97.239998 
97.220001 
97.129997 
97.190002 
97.150002 
97.190002 
97.180000 
97.150002 
97.139999 
97.110001 
97.160004 
97.169998 
97.150002 
97.120003 
97.239998 
97.199997 
97.120003 
97.110001 
97.180000 
96.989998 
97.070000 
97.120003 
97.180000 
97.250000 
97.250000 
97.199997 
97.169998 
97.150002 
97.150002 
97.139999 
97.209999 
97.169998 
97.209999 
97.220001 
97.199997 
97.250000 
97.220001 
97.230003 
97.099998 
97.129997 
97.209999 
97.160004 
97.209999 
97.199997 
97.089996 
97.190002 
97.239998 
97.169998 
97.139999 
97.110001 
97.110001 
97.129997 
97.059998 
97.120003 
97.209999 
97.099998 
97.209999 
97.230003 
97.190002 
97.239998 
97.230003 
97.180000 
97.199997 
97.269997 
97.269997 
97.279999 
97.260002 
97.320000 
97.250000 
97.320000 
97.290001 
97.279999 
97.279999 
97.230003 
97.330002 
97.220001 
97.290001 
97.239998 
97.290001 
97.300003 
97.279999 
97.269997 
97.260002 
97.300003 
97.389999 
97.400002 
97.389999 
97.360001 
97.379997 
97.339996 
97.349998 
97.410004 
97.410004 
97.480003 
97.370003 
97.400002 
97.430000 
97.309998 
97.339996 
97.400002 
97.419998 
97.459999 
97.410004 
97.290001 
97.349998 
97.389999 
97.449997 
97.470001 
97.459999 
97.449997 
97.370003 
97.419998 
97.489998 
97.410004 
97.419998 
97.410004 
97.470001 
97.349998 
97.339996 
97.440002 
97.459999 
97.480003 
97.419998 
97.400002 
97.430000 
97.440002 
97.449997 
97.440002 
97.449997 
97.500000 
97.540001 
97.400002 
97.419998 
97.389999 
97.410004 
97.419998 
97.540001 
97.550003 
97.489998 
97.459999 
97.519997 
97.470001 
97.500000 
97.529999 
97.529999 
97.510002 
97.510002 
97.480003 
97.480003 
97.440002 
97.489998 
97.489998 
97.410004 
97.480003 
97.570000 
97.500000 
97.519997 
97.470001 
97.510002 
97.489998 
97.500000 
97.550003 
97.550003 
97.489998 
97.510002 
97.500000 
97.529999 
97.430000 
97.500000 
97.480003 
97.440002 
97.459999 
97.500000 
97.550003 
97.519997 
97.449997 
97.559998 
97.529999 
97.589996 
97.519997 
97.510002 
97.540001 
97.480003 
97.500000 
97.570000 
97.580002 
97.570000 
97.620003 
97.650002 
97.529999 
97.550003 
97.540001 
97.589996 
97.519997 
97.570000 
97.559998 
97.599998 
97.599998 
97.620003 
97.610001 
97.580002 
97.620003 
97.570000 
97.540001 
97.559998 
97.559998 
97.550003 
97.570000 
97.639999 
97.599998 
97.629997 
97.639999 
97.629997 
97.610001 
97.629997 
97.599998 
97.610001 
97.540001 
97.500000 
97.489998 
97.519997 
97.589996 
97.529999 
97.510002 
97.510002 
97.559998 
97.589996 
97.650002 
97.639999 
97.690002 
97.570000 
97.559998 
97.639999 
97.669998 
97.610001 
97.629997 
97.650002 
97.690002 
97.610001 
97.580002 
97.660004 
97.680000 
97.699997 
97.730003 
97.730003 
97.660004 
97.669998 
97.629997 
97.650002 
97.669998 
97.589996 
97.629997 
97.610001 
97.629997 
97.620003 
97.559998 
97.639999 
97.639999 
97.720001 
97.650002 
97.739998 
97.699997 
97.709999 
97.709999 
97.660004 
97.739998 
97.709999 
97.709999 
97.720001 
97.720001 
97.750000 
97.809998 
97.680000 
97.709999 
97.669998 
97.680000 
97.699997 
97.739998 
97.720001 
97.709999 
97.760002 
97.730003 
97.720001 
97.769997 
97.709999 
97.730003 
97.739998 
97.669998 
97.709999 
97.769997 
97.709999 
97.750000 
97.660004 
97.620003 
97.739998 
97.730003 
97.769997 
97.769997 
97.769997 
97.779999 
97.800003 
97.820000 
97.820000 
97.779999 
97.730003 
97.750000 
97.730003 
97.699997 
97.790001 
97.790001 
97.760002 
97.779999 
97.750000 
97.709999 
97.760002 
97.709999 
97.739998 
97.760002 
97.779999 
97.720001 
97.769997 
97.839996 
97.750000 
97.690002 
97.680000 
97.699997 
97.639999 
97.709999 
97.760002 
97.639999 
97.809998 
97.690002 
97.779999 
97.769997 
97.730003 
97.750000 
97.790001 
97.800003 
97.800003 
97.809998 
97.800003 
97.809998 
97.830002 
97.699997 
97.769997 
97.730003 
97.800003 
97.830002 
97.790001 
97.790001 
97.779999 
97.830002 
97.820000 
97.809998 
97.809998 
97.830002 
97.900002 
97.879997 
97.860001 
97.820000 
97.910004 
97.830002 
97.930000 
97.910004 
97.889999 
97.830002 
97.769997 
97.779999 
97.849998 
97.839996 
97.790001 
97.830002 
97.769997 
97.830002 
97.839996 
97.830002 
97.809998 
97.720001 
97.730003 
97.769997 
97.849998 
97.879997 
97.830002 
97.889999 
97.879997 
97.779999 
97.809998 
97.760002 
97.739998 
97.849998 
97.860001 
97.900002 
97.949997 
97.870003 
97.930000 
97.870003 
97.879997 
97.860001 
97.860001 
97.919998 
97.910004 
97.900002 
97.930000 
97.870003 
97.980003 
98.019997 
97.930000 
97.930000 
97.919998 
97.940002 
97.949997 
97.870003 
97.949997 
97.940002 
97.900002 
97.879997 
97.949997 
97.949997 
97.849998 
97.870003 
97.839996 
97.849998 
97.849998 
97.870003 
97.910004 
97.889999 
97.919998 
97.980003 
97.949997 
97.949997 
97.870003 
97.900002 
97.930000 
97.900002 
97.889999 
97.919998 
97.839996 
97.879997 
97.889999 
97.900002 
97.959999 
98.000000 
97.949997 
97.900002 
97.980003 
97.900002 
97.900002 
97.870003 
97.919998 
97.900002 
97.970001 
98.010002 
97.900002 
97.980003 
98.029999 
97.989998 
97.930000 
97.930000 
97.889999 
97.989998 
98.050003 
97.860001 
97.870003 
97.860001 
97.910004 
97.860001 
97.980003 
97.980003 
97.940002 
97.900002 
97.889999 
97.930000 
97.959999 
97.930000 
97.930000 
98.019997 
98.040001 
98.029999 
98.010002 
97.980003 
