21.110001 
33.279999 
49.099998 
53.500000 
61.630001 
67.839996 
72.250000 
78.949997 
80.650002 
82.510002 
83.940002 
84.370003 
85.389999 
86.290001 
86.620003 
86.839996 
87.110001 
87.610001 
88.620003 
88.860001 
89.480003 
89.669998 
89.779999 
89.930000 
90.010002 
90.430000 
90.739998 
90.919998 
91.050003 
91.199997 
91.370003 
91.540001 
91.699997 
91.949997 
92.019997 
91.709999 
92.220001 
92.449997 
92.389999 
92.669998 
92.370003 
92.669998 
92.760002 
93.000000 
92.870003 
93.260002 
92.809998 
93.209999 
93.209999 
93.459999 
93.360001 
93.690002 
93.519997 
93.650002 
93.629997 
93.809998 
93.760002 
93.800003 
93.930000 
93.980003 
94.029999 
94.059998 
94.309998 
94.070000 
94.110001 
94.449997 
94.400002 
94.309998 
94.529999 
94.489998 
94.559998 
94.489998 
94.620003 
94.580002 
94.690002 
94.800003 
94.849998 
94.790001 
94.879997 
94.989998 
94.940002 
95.070000 
95.019997 
95.029999 
95.070000 
95.099998 
95.080002 
95.190002 
95.370003 
95.339996 
95.260002 
95.269997 
95.349998 
95.459999 
95.449997 
95.320000 
95.570000 
95.529999 
95.550003 
95.680000 
95.629997 
95.589996 
95.599998 
95.820000 
95.800003 
95.669998 
95.790001 
95.900002 
95.860001 
95.839996 
95.860001 
95.900002 
95.910004 
96.050003 
96.029999 
96.110001 
96.010002 
96.070000 
96.010002 
96.150002 
96.180000 
96.300003 
96.190002 
96.199997 
96.199997 
96.199997 
96.360001 
96.269997 
96.410004 
96.339996 
96.449997 
96.440002 
96.419998 
96.400002 
96.480003 
96.449997 
96.410004 
96.440002 
96.410004 
96.459999 
96.470001 
96.529999 
96.550003 
96.500000 
96.470001 
96.519997 
96.489998 
96.489998 
96.519997 
96.580002 
96.540001 
96.540001 
96.599998 
96.610001 
96.599998 
96.550003 
96.699997 
96.720001 
96.730003 
96.690002 
96.690002 
96.639999 
96.730003 
96.750000 
96.779999 
96.870003 
96.790001 
96.820000 
96.879997 
96.820000 
96.849998 
96.769997 
96.809998 
96.889999 
96.919998 
96.879997 
96.900002 
96.879997 
96.779999 
96.940002 
96.870003 
97.019997 
96.959999 
96.940002 
96.940002 
96.980003 
96.940002 
97.040001 
96.919998 
96.940002 
97.040001 
97.050003 
97.050003 
97.070000 
97.089996 
96.970001 
97.089996 
97.070000 
97.010002 
97.150002 
97.129997 
97.129997 
97.150002 
97.080002 
97.160004 
97.139999 
97.150002 
97.059998 
97.129997 
97.180000 
97.169998 
97.129997 
97.150002 
97.150002 
97.209999 
97.309998 
97.230003 
97.239998 
97.190002 
97.250000 
97.239998 
97.239998 
97.220001 
97.269997 
97.239998 
97.190002 
97.300003 
97.330002 
97.269997 
97.309998 
97.410004 
97.400002 
97.290001 
97.309998 
97.370003 
97.400002 
97.360001 
97.360001 
97.440002 
97.370003 
97.300003 
97.330002 
97.430000 
97.370003 
97.389999 
97.300003 
97.400002 
97.470001 
97.500000 
97.510002 
97.610001 
97.559998 
97.540001 
97.589996 
97.529999 
97.610001 
97.510002 
97.500000 
97.550003 
97.589996 
97.620003 
97.639999 
97.580002 
97.519997 
97.540001 
97.480003 
97.440002 
97.510002 
97.660004 
97.540001 
97.540001 
97.540001 
97.610001 
97.650002 
97.589996 
97.599998 
97.639999 
97.639999 
97.639999 
97.599998 
97.610001 
97.709999 
97.660004 
97.699997 
97.669998 
97.650002 
97.629997 
97.639999 
97.660004 
97.629997 
97.680000 
97.629997 
97.669998 
97.660004 
97.660004 
97.750000 
97.720001 
97.769997 
97.709999 
97.730003 
97.690002 
97.610001 
97.660004 
97.660004 
97.690002 
97.720001 
97.760002 
97.739998 
97.779999 
97.769997 
97.720001 
97.769997 
97.839996 
97.739998 
97.839996 
97.779999 
97.769997 
97.790001 
97.790001 
97.809998 
97.769997 
97.820000 
97.849998 
97.889999 
97.879997 
97.889999 
97.800003 
97.820000 
97.809998 
97.809998 
97.769997 
97.830002 
97.830002 
97.760002 
97.800003 
97.820000 
97.769997 
97.930000 
97.779999 
97.949997 
97.889999 
97.930000 
97.949997 
97.889999 
97.940002 
97.839996 
97.790001 
97.940002 
97.949997 
97.870003 
97.910004 
97.879997 
97.930000 
97.849998 
97.870003 
97.930000 
97.919998 
97.930000 
97.879997 
97.910004 
97.940002 
97.940002 
97.959999 
98.050003 
97.930000 
97.959999 
97.910004 
97.879997 
97.879997 
97.930000 
97.980003 
97.980003 
97.980003 
97.959999 
97.940002 
98.040001 
98.000000 
97.940002 
98.010002 
98.040001 
97.910004 
97.889999 
97.940002 
97.980003 
97.970001 
98.019997 
98.010002 
98.029999 
97.980003 
97.970001 
97.980003 
97.919998 
98.029999 
97.989998 
98.019997 
98.120003 
98.070000 
98.129997 
98.070000 
98.040001 
98.059998 
98.099998 
98.110001 
98.120003 
98.110001 
98.089996 
98.040001 
98.120003 
98.070000 
98.000000 
98.099998 
98.110001 
98.019997 
98.029999 
98.120003 
98.019997 
98.070000 
98.040001 
98.080002 
98.070000 
98.139999 
98.040001 
98.110001 
98.150002 
98.169998 
98.080002 
98.150002 
98.180000 
98.089996 
98.120003 
98.099998 
98.169998 
98.089996 
98.099998 
98.199997 
98.139999 
98.199997 
98.169998 
98.169998 
98.129997 
98.110001 
98.040001 
98.169998 
98.089996 
98.099998 
98.120003 
98.080002 
98.120003 
98.180000 
98.239998 
98.120003 
98.150002 
98.239998 
98.129997 
98.239998 
98.139999 
98.220001 
98.269997 
98.129997 
98.169998 
98.220001 
98.239998 
98.220001 
98.199997 
98.220001 
98.180000 
98.269997 
98.180000 
98.199997 
98.269997 
98.269997 
98.239998 
98.120003 
98.110001 
98.269997 
98.169998 
98.199997 
98.160004 
98.209999 
98.209999 
98.180000 
98.230003 
98.220001 
98.250000 
98.250000 
98.239998 
98.160004 
98.260002 
98.309998 
98.250000 
98.220001 
98.279999 
98.279999 
98.139999 
98.190002 
98.309998 
98.199997 
98.209999 
98.209999 
98.199997 
98.250000 
98.230003 
98.339996 
98.260002 
98.330002 
98.190002 
98.190002 
98.220001 
98.230003 
98.220001 
98.239998 
98.239998 
98.320000 
98.290001 
98.230003 
98.260002 
98.260002 
98.339996 
98.209999 
98.199997 
98.269997 
98.209999 
98.220001 
98.279999 
98.169998 
98.190002 
98.250000 
98.290001 
98.320000 
98.269997 
98.230003 
98.290001 
98.269997 
98.250000 
98.199997 
98.180000 
98.379997 
98.279999 
98.260002 
98.290001 
98.339996 
98.330002 
98.309998 
98.309998 
98.279999 
98.260002 
98.300003 
98.190002 
98.389999 
98.330002 
98.320000 
98.360001 
98.320000 
98.269997 
98.339996 
98.309998 
98.250000 
98.290001 
98.279999 
98.300003 
98.309998 
98.309998 
98.339996 
98.269997 
98.330002 
98.279999 
98.300003 
98.379997 
98.300003 
98.300003 
98.349998 
98.339996 
98.320000 
98.309998 
98.279999 
98.320000 
98.309998 
98.320000 
98.309998 
98.279999 
98.320000 
98.339996 
98.360001 
98.309998 
98.389999 
98.339996 
98.330002 
98.370003 
98.320000 
98.309998 
98.300003 
98.269997 
98.349998 
98.379997 
98.290001 
98.320000 
98.410004 
98.339996 
98.320000 
98.320000 
98.339996 
98.250000 
98.260002 
98.320000 
98.260002 
98.370003 
98.339996 
98.360001 
98.330002 
98.379997 
98.360001 
98.300003 
98.419998 
98.339996 
98.339996 
98.349998 
98.379997 
98.269997 
98.370003 
98.370003 
98.389999 
98.389999 
98.389999 
98.370003 
98.349998 
98.349998 
98.440002 
98.449997 
98.360001 
98.370003 
98.389999 
98.419998 
98.430000 
98.320000 
98.400002 
98.419998 
98.470001 
98.449997 
98.480003 
98.470001 
98.470001 
98.430000 
98.419998 
98.400002 
98.430000 
98.419998 
98.410004 
98.400002 
98.419998 
98.379997 
98.430000 
98.449997 
98.370003 
98.419998 
98.410004 
98.400002 
98.470001 
98.379997 
98.449997 
98.430000 
98.449997 
98.339996 
98.430000 
98.430000 
98.370003 
98.410004 
98.410004 
98.430000 
98.410004 
98.449997 
98.410004 
98.400002 
98.430000 
98.430000 
98.480003 
98.379997 
98.410004 
98.440002 
98.430000 
98.440002 
98.440002 
98.449997 
98.389999 
98.430000 
98.400002 
98.370003 
98.419998 
98.459999 
98.430000 
98.410004 
98.400002 
98.430000 
98.389999 
98.410004 
98.400002 
98.470001 
98.360001 
98.379997 
98.379997 
98.400002 
98.389999 
98.360001 
98.419998 
98.459999 
98.400002 
98.379997 
98.400002 
98.470001 
98.430000 
98.400002 
98.459999 
98.430000 
98.440002 
98.459999 
98.410004 
98.339996 
98.449997 
98.400002 
98.379997 
98.430000 
98.370003 
98.449997 
98.430000 
98.459999 
98.440002 
98.449997 
98.449997 
98.470001 
98.459999 
98.419998 
98.470001 
98.440002 
98.419998 
98.400002 
98.410004 
98.419998 
98.449997 
98.410004 
98.400002 
98.410004 
98.440002 
98.370003 
98.410004 
98.389999 
98.419998 
98.470001 
98.400002 
98.370003 
98.389999 
98.419998 
98.480003 
98.500000 
98.449997 
98.419998 
98.449997 
98.459999 
98.430000 
98.449997 
98.470001 
98.379997 
98.519997 
98.459999 
98.500000 
98.410004 
98.440002 
98.400002 
98.400002 
98.379997 
98.489998 
98.370003 
98.400002 
98.440002 
98.419998 
98.419998 
98.459999 
98.440002 
98.309998 
98.389999 
98.440002 
98.449997 
98.449997 
98.480003 
98.440002 
98.440002 
98.449997 
98.449997 
98.419998 
98.470001 
98.449997 
98.449997 
98.430000 
98.449997 
98.470001 
98.430000 
98.440002 
98.379997 
98.459999 
98.419998 
98.459999 
98.459999 
98.489998 
98.500000 
98.500000 
98.419998 
98.470001 
98.470001 
98.410004 
98.430000 
98.379997 
98.470001 
98.489998 
98.489998 
98.470001 
98.480003 
98.440002 
98.500000 
98.489998 
98.449997 
98.440002 
98.470001 
98.459999 
98.480003 
98.519997 
98.489998 
98.480003 
98.470001 
98.459999 
98.459999 
98.489998 
98.470001 
98.410004 
98.449997 
98.459999 
98.419998 
98.510002 
98.470001 
98.419998 
98.430000 
98.459999 
98.449997 
98.419998 
98.410004 
98.400002 
98.470001 
98.459999 
98.430000 
98.480003 
98.480003 
98.489998 
98.459999 
98.480003 
98.459999 
98.480003 
98.480003 
98.470001 
98.529999 
98.459999 
98.419998 
98.449997 
98.440002 
98.480003 
98.470001 
98.410004 
98.489998 
98.449997 
98.559998 
98.430000 
98.459999 
98.510002 
98.400002 
98.480003 
98.449997 
98.430000 
98.480003 
98.529999 
98.510002 
98.500000 
98.470001 
98.510002 
98.500000 
98.489998 
98.559998 
98.519997 
98.510002 
98.519997 
98.550003 
98.470001 
98.529999 
98.480003 
98.430000 
98.430000 
98.510002 
98.510002 
98.489998 
98.459999 
98.480003 
98.419998 
98.519997 
98.459999 
98.430000 
98.500000 
98.480003 
98.489998 
98.500000 
98.500000 
98.519997 
98.550003 
98.529999 
98.459999 
98.529999 
98.519997 
98.540001 
98.540001 
98.500000 
98.470001 
98.519997 
98.519997 
98.510002 
98.489998 
98.519997 
98.540001 
98.500000 
98.580002 
98.470001 
98.489998 
98.500000 
98.470001 
98.580002 
98.500000 
98.510002 
98.550003 
98.519997 
98.550003 
98.510002 
98.540001 
98.500000 
98.529999 
98.570000 
98.540001 
98.500000 
98.529999 
98.540001 
98.559998 
98.519997 
98.550003 
98.589996 
98.550003 
98.550003 
98.529999 
98.559998 
98.550003 
98.589996 
98.550003 
98.529999 
98.580002 
98.559998 
98.550003 
98.589996 
98.580002 
98.610001 
98.540001 
98.580002 
98.529999 
98.500000 
98.500000 
98.540001 
98.510002 
98.489998 
98.559998 
98.559998 
98.589996 
98.570000 
98.570000 
98.550003 
98.510002 
98.580002 
98.559998 
98.540001 
98.580002 
98.519997 
98.559998 
98.519997 
98.529999 
98.519997 
98.540001 
98.510002 
98.519997 
98.580002 
98.610001 
98.589996 
98.580002 
98.540001 
98.559998 
98.540001 
98.580002 
98.540001 
98.540001 
98.559998 
98.570000 
98.519997 
