21.780001 
36.529999 
49.759998 
62.259998 
75.089996 
77.709999 
81.000000 
81.860001 
84.559998 
85.489998 
85.870003 
86.480003 
88.809998 
88.900002 
90.160004 
90.959999 
91.330002 
91.809998 
91.849998 
92.360001 
92.910004 
92.419998 
93.019997 
93.339996 
93.680000 
93.809998 
93.739998 
94.059998 
93.900002 
94.260002 
94.339996 
94.540001 
94.639999 
94.750000 
94.849998 
95.059998 
95.099998 
95.220001 
95.309998 
95.230003 
95.330002 
95.410004 
95.449997 
95.709999 
95.699997 
95.849998 
95.690002 
95.709999 
95.870003 
95.889999 
95.910004 
95.879997 
95.989998 
96.099998 
96.209999 
96.029999 
96.199997 
96.269997 
96.190002 
96.330002 
96.339996 
96.230003 
96.339996 
96.529999 
96.400002 
96.360001 
96.440002 
96.400002 
96.459999 
96.430000 
96.470001 
96.449997 
96.440002 
96.580002 
96.510002 
96.599998 
96.779999 
96.650002 
96.699997 
96.620003 
96.680000 
96.709999 
96.849998 
96.779999 
96.879997 
96.919998 
97.010002 
96.989998 
96.790001 
96.930000 
97.010002 
97.070000 
96.980003 
96.970001 
97.040001 
97.029999 
96.870003 
97.120003 
97.070000 
97.129997 
97.139999 
97.089996 
97.250000 
97.309998 
97.269997 
97.120003 
97.199997 
97.209999 
97.209999 
97.120003 
97.150002 
97.320000 
97.300003 
97.320000 
97.349998 
97.279999 
97.180000 
97.370003 
97.309998 
97.379997 
97.430000 
97.349998 
97.459999 
97.480003 
97.449997 
97.510002 
97.440002 
97.410004 
97.379997 
97.440002 
97.389999 
97.489998 
97.510002 
97.419998 
97.470001 
97.610001 
97.629997 
97.589996 
97.620003 
97.620003 
97.720001 
97.709999 
97.639999 
97.669998 
97.669998 
97.680000 
97.699997 
97.650002 
97.750000 
97.750000 
97.779999 
97.690002 
97.739998 
97.800003 
97.750000 
97.669998 
97.650002 
97.720001 
97.790001 
97.790001 
97.820000 
97.879997 
97.779999 
97.790001 
97.800003 
97.730003 
97.769997 
97.779999 
97.750000 
97.800003 
97.860001 
97.800003 
97.809998 
97.809998 
97.800003 
97.790001 
97.790001 
97.879997 
97.889999 
97.860001 
97.820000 
97.930000 
97.949997 
97.970001 
97.949997 
97.919998 
97.919998 
97.919998 
97.980003 
97.900002 
98.040001 
97.980003 
98.010002 
98.110001 
97.989998 
97.959999 
97.940002 
98.000000 
98.010002 
98.029999 
98.050003 
97.970001 
98.010002 
98.000000 
98.010002 
97.980003 
98.029999 
98.040001 
97.930000 
98.059998 
97.989998 
98.059998 
98.040001 
98.040001 
98.099998 
98.220001 
98.190002 
98.120003 
98.160004 
98.160004 
98.089996 
98.199997 
98.199997 
98.129997 
98.160004 
98.220001 
98.180000 
98.120003 
98.110001 
98.160004 
98.110001 
98.120003 
98.070000 
98.190002 
98.139999 
98.269997 
98.199997 
98.190002 
98.110001 
98.150002 
98.180000 
98.250000 
98.110001 
98.239998 
98.160004 
98.260002 
98.199997 
98.139999 
98.309998 
98.150002 
98.150002 
98.220001 
98.260002 
98.349998 
98.250000 
98.320000 
98.150002 
98.190002 
98.209999 
98.199997 
98.160004 
98.220001 
98.199997 
98.239998 
98.330002 
98.250000 
98.199997 
98.260002 
98.209999 
98.370003 
98.220001 
98.339996 
98.309998 
98.309998 
98.230003 
98.190002 
98.080002 
98.290001 
98.400002 
98.300003 
98.309998 
98.330002 
98.349998 
98.239998 
98.279999 
98.309998 
98.309998 
98.320000 
98.320000 
98.360001 
98.320000 
98.360001 
98.360001 
98.400002 
98.360001 
98.349998 
98.290001 
98.339996 
98.400002 
98.410004 
98.430000 
98.349998 
98.389999 
98.480003 
98.309998 
98.410004 
98.370003 
98.440002 
98.339996 
98.410004 
98.360001 
98.389999 
98.370003 
98.379997 
98.339996 
98.349998 
98.459999 
98.330002 
98.430000 
98.489998 
98.459999 
98.360001 
98.410004 
98.239998 
98.349998 
98.419998 
98.349998 
98.410004 
98.400002 
98.339996 
98.430000 
98.459999 
98.410004 
98.370003 
98.320000 
98.449997 
98.389999 
98.480003 
98.370003 
98.449997 
98.489998 
98.419998 
98.470001 
98.489998 
98.510002 
98.459999 
98.410004 
98.339996 
98.459999 
98.379997 
98.430000 
98.459999 
98.410004 
98.480003 
98.459999 
98.529999 
98.570000 
98.510002 
98.570000 
98.449997 
98.519997 
98.489998 
98.449997 
98.480003 
98.519997 
98.510002 
98.500000 
98.470001 
98.510002 
98.480003 
98.480003 
98.519997 
98.529999 
98.550003 
98.550003 
98.550003 
98.540001 
98.559998 
98.500000 
98.540001 
98.570000 
98.510002 
98.580002 
98.570000 
98.559998 
98.660004 
98.519997 
98.550003 
98.559998 
98.510002 
98.510002 
98.449997 
98.540001 
98.559998 
98.489998 
98.519997 
98.540001 
98.570000 
98.589996 
98.639999 
98.639999 
98.599998 
98.589996 
98.550003 
98.599998 
98.550003 
98.550003 
98.529999 
98.550003 
98.540001 
98.599998 
98.599998 
98.589996 
98.589996 
98.599998 
98.610001 
98.669998 
98.620003 
98.570000 
98.580002 
98.570000 
98.589996 
98.589996 
98.589996 
98.660004 
98.589996 
98.589996 
98.620003 
98.599998 
98.650002 
98.660004 
98.650002 
98.610001 
98.639999 
98.629997 
98.589996 
98.650002 
98.669998 
98.589996 
98.589996 
98.669998 
98.489998 
98.599998 
98.650002 
98.570000 
98.599998 
98.699997 
98.690002 
98.620003 
98.570000 
98.559998 
98.580002 
98.650002 
98.580002 
98.599998 
98.599998 
98.570000 
98.550003 
98.610001 
98.629997 
98.610001 
98.599998 
98.599998 
98.690002 
98.620003 
98.639999 
98.570000 
98.550003 
98.639999 
98.680000 
98.639999 
98.669998 
98.629997 
98.669998 
98.709999 
98.680000 
98.680000 
98.730003 
98.620003 
98.620003 
98.639999 
98.620003 
98.739998 
98.669998 
98.680000 
98.599998 
98.620003 
98.680000 
98.699997 
98.580002 
98.650002 
98.639999 
98.559998 
98.660004 
98.570000 
98.570000 
98.639999 
98.660004 
98.650002 
98.699997 
98.660004 
98.629997 
98.559998 
98.599998 
98.650002 
98.589996 
98.709999 
98.610001 
98.620003 
98.699997 
98.760002 
98.720001 
98.669998 
98.680000 
98.639999 
98.660004 
98.639999 
98.680000 
98.669998 
98.699997 
98.650002 
98.629997 
98.639999 
98.690002 
98.669998 
98.639999 
98.629997 
98.690002 
98.650002 
98.580002 
98.660004 
98.750000 
98.779999 
98.709999 
98.709999 
98.660004 
98.720001 
98.750000 
98.730003 
98.720001 
98.690002 
98.690002 
98.699997 
98.690002 
98.680000 
98.660004 
98.620003 
98.720001 
98.669998 
98.690002 
98.620003 
98.680000 
98.680000 
98.660004 
98.739998 
98.779999 
98.779999 
98.739998 
98.709999 
98.709999 
98.680000 
98.709999 
98.750000 
98.750000 
98.720001 
98.790001 
98.669998 
98.669998 
98.639999 
98.760002 
98.690002 
98.650002 
98.709999 
98.760002 
98.699997 
98.800003 
98.769997 
98.800003 
98.790001 
98.690002 
98.739998 
98.769997 
98.760002 
98.720001 
98.680000 
98.680000 
98.730003 
98.739998 
98.790001 
98.800003 
98.769997 
98.800003 
98.800003 
98.809998 
98.800003 
98.769997 
98.790001 
98.739998 
98.769997 
98.750000 
98.720001 
98.739998 
98.769997 
98.779999 
98.820000 
98.820000 
98.860001 
98.790001 
98.769997 
98.739998 
98.709999 
98.680000 
98.690002 
98.680000 
98.669998 
98.699997 
98.790001 
98.800003 
98.820000 
98.769997 
98.699997 
98.760002 
98.809998 
98.779999 
98.769997 
98.769997 
98.830002 
98.809998 
98.769997 
98.760002 
98.779999 
98.760002 
98.779999 
98.750000 
98.760002 
98.709999 
98.779999 
98.839996 
98.849998 
98.820000 
98.820000 
98.839996 
98.760002 
98.839996 
98.760002 
98.879997 
98.809998 
98.800003 
98.849998 
98.849998 
98.849998 
98.849998 
98.879997 
98.820000 
98.830002 
98.800003 
98.730003 
98.739998 
98.790001 
98.820000 
98.779999 
98.830002 
98.839996 
98.879997 
98.870003 
98.779999 
98.849998 
98.830002 
98.830002 
98.750000 
98.750000 
98.760002 
98.760002 
98.739998 
98.790001 
98.820000 
98.760002 
98.760002 
98.779999 
98.849998 
98.800003 
98.809998 
98.839996 
98.769997 
98.870003 
98.820000 
98.870003 
98.839996 
98.809998 
98.889999 
98.849998 
98.800003 
98.830002 
98.879997 
98.849998 
98.879997 
98.830002 
98.860001 
98.870003 
98.860001 
98.809998 
98.820000 
98.839996 
98.779999 
98.870003 
98.860001 
98.800003 
98.830002 
98.860001 
98.910004 
98.870003 
98.860001 
98.820000 
98.849998 
98.849998 
98.849998 
98.760002 
98.800003 
98.900002 
98.889999 
98.839996 
98.949997 
98.849998 
98.800003 
98.860001 
98.870003 
98.830002 
98.790001 
98.809998 
98.779999 
98.809998 
98.889999 
98.900002 
98.839996 
98.820000 
98.800003 
98.760002 
98.769997 
98.809998 
98.779999 
98.860001 
98.870003 
98.870003 
98.849998 
98.849998 
98.860001 
98.809998 
98.820000 
98.809998 
98.790001 
98.809998 
98.800003 
98.800003 
98.849998 
98.849998 
98.849998 
98.889999 
98.860001 
98.870003 
98.860001 
98.800003 
98.800003 
98.809998 
98.849998 
98.849998 
98.830002 
98.940002 
98.870003 
98.849998 
98.849998 
98.820000 
98.919998 
98.879997 
98.860001 
98.860001 
98.830002 
98.830002 
98.820000 
98.839996 
98.879997 
98.860001 
98.910004 
98.930000 
98.889999 
98.910004 
98.919998 
98.930000 
98.860001 
98.910004 
98.889999 
98.900002 
98.860001 
98.940002 
98.910004 
98.989998 
98.930000 
98.919998 
98.940002 
98.879997 
98.900002 
98.949997 
98.930000 
98.860001 
98.910004 
98.900002 
98.849998 
98.870003 
98.809998 
98.839996 
98.879997 
98.959999 
98.889999 
98.849998 
98.900002 
98.839996 
98.919998 
98.870003 
98.870003 
98.860001 
98.919998 
98.900002 
98.900002 
98.879997 
98.910004 
98.949997 
98.959999 
98.940002 
98.940002 
98.959999 
98.940002 
98.910004 
98.930000 
98.839996 
98.900002 
98.879997 
98.860001 
98.910004 
98.930000 
98.919998 
98.970001 
98.989998 
98.959999 
98.930000 
98.930000 
98.940002 
98.930000 
98.900002 
98.900002 
98.910004 
98.870003 
98.800003 
98.860001 
98.889999 
98.860001 
98.879997 
98.900002 
98.860001 
98.879997 
98.860001 
98.930000 
98.870003 
98.900002 
98.910004 
98.879997 
98.900002 
98.849998 
98.910004 
98.919998 
98.849998 
98.870003 
98.870003 
98.820000 
98.870003 
98.779999 
98.830002 
98.849998 
98.849998 
98.919998 
98.839996 
98.910004 
98.940002 
98.940002 
98.900002 
98.870003 
98.930000 
98.889999 
98.889999 
98.889999 
98.910004 
98.910004 
98.919998 
98.919998 
98.900002 
98.860001 
98.839996 
98.879997 
98.860001 
98.849998 
98.809998 
98.820000 
98.820000 
98.839996 
98.889999 
98.849998 
98.849998 
98.889999 
98.879997 
98.809998 
98.820000 
98.879997 
98.870003 
98.849998 
98.830002 
98.849998 
98.830002 
98.849998 
98.889999 
98.860001 
98.879997 
98.870003 
98.820000 
98.809998 
98.879997 
98.889999 
98.889999 
98.860001 
98.870003 
98.940002 
98.910004 
98.889999 
98.889999 
98.860001 
98.879997 
98.910004 
98.930000 
98.889999 
98.919998 
98.930000 
98.959999 
98.930000 
98.910004 
98.930000 
98.879997 
98.900002 
98.949997 
98.949997 
98.889999 
98.839996 
98.900002 
98.830002 
98.910004 
98.940002 
98.879997 
98.849998 
98.889999 
98.910004 
98.900002 
98.870003 
98.900002 
98.860001 
98.900002 
98.919998 
98.919998 
98.930000 
98.940002 
98.889999 
98.919998 
98.940002 
98.900002 
98.870003 
98.820000 
98.900002 
98.910004 
98.889999 
98.900002 
98.900002 
98.940002 
98.879997 
98.900002 
98.879997 
98.949997 
98.959999 
98.959999 
99.000000 
98.949997 
98.930000 
98.900002 
98.860001 
98.849998 
98.900002 
98.930000 
98.930000 
98.959999 
98.910004 
98.830002 
98.930000 
98.919998 
98.889999 
98.879997 
98.849998 
