   97.8400
   97.8400
   97.8400
   97.8400
   97.8400
   97.8400
   97.8400
   97.8400
   97.8400
   97.8400
   97.8400
   97.8400
   97.8400
   97.8400
   97.8400
   97.8400
   97.8400
   97.8400
   97.8400
   97.8400
   98.3700
   98.3700
   98.3700
   98.3700
   98.3700
   98.3700
   98.3700
   98.3700
   98.3700
   98.3700
   98.3700
   98.3700
   98.3700
   98.3700
   98.3700
   98.3700
   98.3700
   98.3700
   98.3700
   98.3700
   98.5500
   98.5500
   98.5500
   98.5500
   98.5500
   98.5500
   98.5500
   98.5500
   98.5500
   98.5500
   98.5500
   98.5500
   98.5500
   98.5500
   98.5500
   98.5500
   98.5500
   98.5500
   98.5500
   98.5500
   98.6800
   98.6800
   98.6800
   98.6800
   98.6800
   98.6800
   98.6800
   98.6800
   98.6800
   98.6800
   98.6800
   98.6800
   98.6800
   98.6800
   98.6800
   98.6800
   98.6800
   98.6800
   98.6800
   98.6800
   98.7600
   98.7600
   98.7600
   98.7600
   98.7600
   98.7600
   98.7600
   98.7600
   98.7600
   98.7600
   98.7600
   98.7600
   98.7600
   98.7600
   98.7600
   98.7600
   98.7600
   98.7600
   98.7600
   98.7600
   98.7800
   98.7800
   98.7800
   98.7800
   98.7800
   98.7800
   98.7800
   98.7800
   98.7800
   98.7800
   98.7800
   98.7800
   98.7800
   98.7800
   98.7800
   98.7800
   98.7800
   98.7800
   98.7800
   98.7800
   98.9600
   98.9600
   98.9600
   98.9600
   98.9600
   98.9600
   98.9600
   98.9600
   98.9600
   98.9600
   98.9600
   98.9600
   98.9600
   98.9600
   98.9600
   98.9600
   98.9600
   98.9600
   98.9600
   98.9600
   98.9200
   98.9200
   98.9200
   98.9200
   98.9200
   98.9200
   98.9200
   98.9200
   98.9200
   98.9200
   98.9200
   98.9200
   98.9200
   98.9200
   98.9200
   98.9200
   98.9200
   98.9200
   98.9200
   98.9200
   99.0200
   99.0200
   99.0200
   99.0200
   99.0200
   99.0200
   99.0200
   99.0200
   99.0200
   99.0200
   99.0200
   99.0200
   99.0200
   99.0200
   99.0200
   99.0200
   99.0200
   99.0200
   99.0200
   99.0200
   98.9800
   98.9800
   98.9800
   98.9800
   98.9800
   98.9800
   98.9800
   98.9800
   98.9800
   98.9800
   98.9800
   98.9800
   98.9800
   98.9800
   98.9800
   98.9800
   98.9800
   98.9800
   98.9800
   98.9800
   98.9400
   98.9400
   98.9400
   98.9400
   98.9400
   98.9400
   98.9400
   98.9400
   98.9400
   98.9400
   98.9400
   98.9400
   98.9400
   98.9400
   98.9400
   98.9400
   98.9400
   98.9400
   98.9400
   98.9400
   99.0000
   99.0000
   99.0000
   99.0000
   99.0000
   99.0000
   99.0000
   99.0000
   99.0000
   99.0000
   99.0000
   99.0000
   99.0000
   99.0000
   99.0000
   99.0000
   99.0000
   99.0000
   99.0000
   99.0000
   99.0200
   99.0200
   99.0200
   99.0200
   99.0200
   99.0200
   99.0200
   99.0200
   99.0200
   99.0200
   99.0200
   99.0200
   99.0200
   99.0200
   99.0200
   99.0200
   99.0200
   99.0200
   99.0200
   99.0200
   99.0000
   99.0000
   99.0000
   99.0000
   99.0000
   99.0000
   99.0000
   99.0000
   99.0000
   99.0000
   99.0000
   99.0000
   99.0000
   99.0000
   99.0000
   99.0000
   99.0000
   99.0000
   99.0000
   99.0000
   99.0700
   99.0700
   99.0700
   99.0700
   99.0700
   99.0700
   99.0700
   99.0700
   99.0700
   99.0700
   99.0700
   99.0700
   99.0700
   99.0700
   99.0700
   99.0700
   99.0700
   99.0700
   99.0700
   99.0700
   99.1700
   99.1700
   99.1700
   99.1700
   99.1700
   99.1700
   99.1700
   99.1700
   99.1700
   99.1700
   99.1700
   99.1700
   99.1700
   99.1700
   99.1700
   99.1700
   99.1700
   99.1700
   99.1700
   99.1700
   99.1100
   99.1100
   99.1100
   99.1100
   99.1100
   99.1100
   99.1100
   99.1100
   99.1100
   99.1100
   99.1100
   99.1100
   99.1100
   99.1100
   99.1100
   99.1100
   99.1100
   99.1100
   99.1100
   99.1100
   99.0300
   99.0300
   99.0300
   99.0300
   99.0300
   99.0300
   99.0300
   99.0300
   99.0300
   99.0300
   99.0300
   99.0300
   99.0300
   99.0300
   99.0300
   99.0300
   99.0300
   99.0300
   99.0300
   99.0300
   99.1200
   99.1200
   99.1200
   99.1200
   99.1200
   99.1200
   99.1200
   99.1200
   99.1200
   99.1200
   99.1200
   99.1200
   99.1200
   99.1200
   99.1200
   99.1200
   99.1200
   99.1200
   99.1200
   99.1200
   99.1500
   99.1500
   99.1500
   99.1500
   99.1500
   99.1500
   99.1500
   99.1500
   99.1500
   99.1500
   99.1500
   99.1500
   99.1500
   99.1500
   99.1500
   99.1500
   99.1500
   99.1500
   99.1500
   99.1500
   99.1000
   99.1000
   99.1000
   99.1000
   99.1000
   99.1000
   99.1000
   99.1000
   99.1000
   99.1000
   99.1000
   99.1000
   99.1000
   99.1000
   99.1000
   99.1000
   99.1000
   99.1000
   99.1000
   99.1000
   99.1200
   99.1200
   99.1200
   99.1200
   99.1200
   99.1200
   99.1200
   99.1200
   99.1200
   99.1200
   99.1200
   99.1200
   99.1200
   99.1200
   99.1200
   99.1200
   99.1200
   99.1200
   99.1200
   99.1200
   99.1700
   99.1700
   99.1700
   99.1700
   99.1700
   99.1700
   99.1700
   99.1700
   99.1700
   99.1700
   99.1700
   99.1700
   99.1700
   99.1700
   99.1700
   99.1700
   99.1700
   99.1700
   99.1700
   99.1700
   99.1400
   99.1400
   99.1400
   99.1400
   99.1400
   99.1400
   99.1400
   99.1400
   99.1400
   99.1400
   99.1400
   99.1400
   99.1400
   99.1400
   99.1400
   99.1400
   99.1400
   99.1400
   99.1400
   99.1400
   99.1000
   99.1000
   99.1000
   99.1000
   99.1000
   99.1000
   99.1000
   99.1000
   99.1000
   99.1000
   99.1000
   99.1000
   99.1000
   99.1000
   99.1000
   99.1000
   99.1000
   99.1000
   99.1000
   99.1000
   99.1100
   99.1100
   99.1100
   99.1100
   99.1100
   99.1100
   99.1100
   99.1100
   99.1100
   99.1100
   99.1100
   99.1100
   99.1100
   99.1100
   99.1100
   99.1100
   99.1100
   99.1100
   99.1100
   99.1100
   99.1300
   99.1300
   99.1300
   99.1300
   99.1300
   99.1300
   99.1300
   99.1300
   99.1300
   99.1300
   99.1300
   99.1300
   99.1300
   99.1300
   99.1300
   99.1300
   99.1300
   99.1300
   99.1300
   99.1300
   99.1200
   99.1200
   99.1200
   99.1200
   99.1200
   99.1200
   99.1200
   99.1200
   99.1200
   99.1200
   99.1200
   99.1200
   99.1200
   99.1200
   99.1200
   99.1200
   99.1200
   99.1200
   99.1200
   99.1200
   99.0800
   99.0800
   99.0800
   99.0800
   99.0800
   99.0800
   99.0800
   99.0800
   99.0800
   99.0800
   99.0800
   99.0800
   99.0800
   99.0800
   99.0800
   99.0800
   99.0800
   99.0800
   99.0800
   99.0800
   99.1300
   99.1300
   99.1300
   99.1300
   99.1300
   99.1300
   99.1300
   99.1300
   99.1300
   99.1300
   99.1300
   99.1300
   99.1300
   99.1300
   99.1300
   99.1300
   99.1300
   99.1300
   99.1300
   99.1300
   99.1500
   99.1500
   99.1500
   99.1500
   99.1500
   99.1500
   99.1500
   99.1500
   99.1500
   99.1500
   99.1500
   99.1500
   99.1500
   99.1500
   99.1500
   99.1500
   99.1500
   99.1500
   99.1500
   99.1500
   99.1400
   99.1400
   99.1400
   99.1400
   99.1400
   99.1400
   99.1400
   99.1400
   99.1400
   99.1400
   99.1400
   99.1400
   99.1400
   99.1400
   99.1400
   99.1400
   99.1400
   99.1400
   99.1400
   99.1400
   99.1300
   99.1300
   99.1300
   99.1300
   99.1300
   99.1300
   99.1300
   99.1300
   99.1300
   99.1300
   99.1300
   99.1300
   99.1300
   99.1300
   99.1300
   99.1300
   99.1300
   99.1300
   99.1300
   99.1300
   99.0800
   99.0800
   99.0800
   99.0800
   99.0800
   99.0800
   99.0800
   99.0800
   99.0800
   99.0800
   99.0800
   99.0800
   99.0800
   99.0800
   99.0800
   99.0800
   99.0800
   99.0800
   99.0800
   99.0800
   99.1500
   99.1500
   99.1500
   99.1500
   99.1500
   99.1500
   99.1500
   99.1500
   99.1500
   99.1500
   99.1500
   99.1500
   99.1500
   99.1500
   99.1500
   99.1500
   99.1500
   99.1500
   99.1500
   99.1500
   99.1100
   99.1100
   99.1100
   99.1100
   99.1100
   99.1100
   99.1100
   99.1100
   99.1100
   99.1100
   99.1100
   99.1100
   99.1100
   99.1100
   99.1100
   99.1100
   99.1100
   99.1100
   99.1100
   99.1100
   99.1600
   99.1600
   99.1600
   99.1600
   99.1600
   99.1600
   99.1600
   99.1600
   99.1600
   99.1600
   99.1600
   99.1600
   99.1600
   99.1600
   99.1600
   99.1600
   99.1600
   99.1600
   99.1600
   99.1600
   99.1100
   99.1100
   99.1100
   99.1100
   99.1100
   99.1100
   99.1100
   99.1100
   99.1100
   99.1100
   99.1100
   99.1100
   99.1100
   99.1100
   99.1100
   99.1100
   99.1100
   99.1100
   99.1100
   99.1100
   99.1000
   99.1000
   99.1000
   99.1000
   99.1000
   99.1000
   99.1000
   99.1000
   99.1000
   99.1000
   99.1000
   99.1000
   99.1000
   99.1000
   99.1000
   99.1000
   99.1000
   99.1000
   99.1000
   99.1000
   99.1100
   99.1100
   99.1100
   99.1100
   99.1100
   99.1100
   99.1100
   99.1100
   99.1100
   99.1100
   99.1100
   99.1100
   99.1100
   99.1100
   99.1100
   99.1100
   99.1100
   99.1100
   99.1100
   99.1100
   99.1000
   99.1000
   99.1000
   99.1000
   99.1000
   99.1000
   99.1000
   99.1000
   99.1000
   99.1000
   99.1000
   99.1000
   99.1000
   99.1000
   99.1000
   99.1000
   99.1000
   99.1000
   99.1000
   99.1000
   99.1400
   99.1400
   99.1400
   99.1400
   99.1400
   99.1400
   99.1400
   99.1400
   99.1400
   99.1400
   99.1400
   99.1400
   99.1400
   99.1400
   99.1400
   99.1400
   99.1400
   99.1400
   99.1400
   99.1400
   99.1300
   99.1300
   99.1300
   99.1300
   99.1300
   99.1300
   99.1300
   99.1300
   99.1300
   99.1300
   99.1300
   99.1300
   99.1300
   99.1300
   99.1300
   99.1300
   99.1300
   99.1300
   99.1300
   99.1300
   99.1200
   99.1200
   99.1200
   99.1200
   99.1200
   99.1200
   99.1200
   99.1200
   99.1200
   99.1200
   99.1200
   99.1200
   99.1200
   99.1200
   99.1200
   99.1200
   99.1200
   99.1200
   99.1200
   99.1200
   99.1400
   99.1400
   99.1400
   99.1400
   99.1400
   99.1400
   99.1400
   99.1400
   99.1400
   99.1400
   99.1400
   99.1400
   99.1400
   99.1400
   99.1400
   99.1400
   99.1400
   99.1400
   99.1400
   99.1400
   99.1600
   99.1600
   99.1600
   99.1600
   99.1600
   99.1600
   99.1600
   99.1600
   99.1600
   99.1600
   99.1600
   99.1600
   99.1600
   99.1600
   99.1600
   99.1600
   99.1600
   99.1600
   99.1600
   99.1600
   99.1500
   99.1500
   99.1500
   99.1500
   99.1500
   99.1500
   99.1500
   99.1500
   99.1500
   99.1500
   99.1500
   99.1500
   99.1500
   99.1500
   99.1500
   99.1500
   99.1500
   99.1500
   99.1500
   99.1500
   99.1100
   99.1100
   99.1100
   99.1100
   99.1100
   99.1100
   99.1100
   99.1100
   99.1100
   99.1100
   99.1100
   99.1100
   99.1100
   99.1100
   99.1100
   99.1100
   99.1100
   99.1100
   99.1100
   99.1100
   99.1500
   99.1500
   99.1500
   99.1500
   99.1500
   99.1500
   99.1500
   99.1500
   99.1500
   99.1500
   99.1500
   99.1500
   99.1500
   99.1500
   99.1500
   99.1500
   99.1500
   99.1500
   99.1500
   99.1500
   99.1400
   99.1400
   99.1400
   99.1400
   99.1400
   99.1400
   99.1400
   99.1400
   99.1400
   99.1400
   99.1400
   99.1400
   99.1400
   99.1400
   99.1400
   99.1400
   99.1400
   99.1400
   99.1400
   99.1400