   95.3900
   95.3900
   95.3900
   95.3900
   95.3900
   96.9500
   96.9500
   96.9500
   96.9500
   96.9500
   97.4300
   97.4300
   97.4300
   97.4300
   97.4300
   97.8200
   97.8200
   97.8200
   97.8200
   97.8200
   97.9700
   97.9700
   97.9700
   97.9700
   97.9700
   98.1500
   98.1500
   98.1500
   98.1500
   98.1500
   98.3200
   98.3200
   98.3200
   98.3200
   98.3200
   98.3400
   98.3400
   98.3400
   98.3400
   98.3400
   98.4100
   98.4100
   98.4100
   98.4100
   98.4100
   98.4600
   98.4600
   98.4600
   98.4600
   98.4600
   98.5700
   98.5700
   98.5700
   98.5700
   98.5700
   98.6300
   98.6300
   98.6300
   98.6300
   98.6300
   98.6100
   98.6100
   98.6100
   98.6100
   98.6100
   98.7900
   98.7900
   98.7900
   98.7900
   98.7900
   98.7700
   98.7700
   98.7700
   98.7700
   98.7700
   98.7800
   98.7800
   98.7800
   98.7800
   98.7800
   98.8100
   98.8100
   98.8100
   98.8100
   98.8100
   98.8100
   98.8100
   98.8100
   98.8100
   98.8100
   98.8300
   98.8300
   98.8300
   98.8300
   98.8300
   98.8300
   98.8300
   98.8300
   98.8300
   98.8300
   98.9500
   98.9500
   98.9500
   98.9500
   98.9500
   98.9400
   98.9400
   98.9400
   98.9400
   98.9400
   98.8900
   98.8900
   98.8900
   98.8900
   98.8900
   98.9200
   98.9200
   98.9200
   98.9200
   98.9200
   98.9400
   98.9400
   98.9400
   98.9400
   98.9400
   98.8700
   98.8700
   98.8700
   98.8700
   98.8700
   98.9200
   98.9200
   98.9200
   98.9200
   98.9200
   98.8900
   98.8900
   98.8900
   98.8900
   98.8900
   98.9800
   98.9800
   98.9800
   98.9800
   98.9800
   98.9100
   98.9100
   98.9100
   98.9100
   98.9100
   98.9600
   98.9600
   98.9600
   98.9600
   98.9600
   98.9800
   98.9800
   98.9800
   98.9800
   98.9800
   99.0000
   99.0000
   99.0000
   99.0000
   99.0000
   98.9800
   98.9800
   98.9800
   98.9800
   98.9800
   99.0700
   99.0700
   99.0700
   99.0700
   99.0700
   99.0400
   99.0400
   99.0400
   99.0400
   99.0400
   99.0700
   99.0700
   99.0700
   99.0700
   99.0700
   98.9900
   98.9900
   98.9900
   98.9900
   98.9900
   99.0000
   99.0000
   99.0000
   99.0000
   99.0000
   98.9800
   98.9800
   98.9800
   98.9800
   98.9800
   98.9900
   98.9900
   98.9900
   98.9900
   98.9900
   98.9700
   98.9700
   98.9700
   98.9700
   98.9700
   99.0100
   99.0100
   99.0100
   99.0100
   99.0100
   98.9900
   98.9900
   98.9900
   98.9900
   98.9900
   99.1000
   99.1000
   99.1000
   99.1000
   99.1000
   99.0200
   99.0200
   99.0200
   99.0200
   99.0200
   98.9800
   98.9800
   98.9800
   98.9800
   98.9800
   99.0600
   99.0600
   99.0600
   99.0600
   99.0600
   99.0400
   99.0400
   99.0400
   99.0400
   99.0400
   98.9600
   98.9600
   98.9600
   98.9600
   98.9600
   99.0300
   99.0300
   99.0300
   99.0300
   99.0300
   98.9900
   98.9900
   98.9900
   98.9900
   98.9900
   98.9600
   98.9600
   98.9600
   98.9600
   98.9600
   99.0000
   99.0000
   99.0000
   99.0000
   99.0000
   99.0500
   99.0500
   99.0500
   99.0500
   99.0500
   99.0600
   99.0600
   99.0600
   99.0600
   99.0600
   99.0800
   99.0800
   99.0800
   99.0800
   99.0800
   99.0800
   99.0800
   99.0800
   99.0800
   99.0800
   98.9900
   98.9900
   98.9900
   98.9900
   98.9900
   99.0200
   99.0200
   99.0200
   99.0200
   99.0200
   99.0300
   99.0300
   99.0300
   99.0300
   99.0300
   99.0300
   99.0300
   99.0300
   99.0300
   99.0300
   99.0000
   99.0000
   99.0000
   99.0000
   99.0000
   99.0300
   99.0300
   99.0300
   99.0300
   99.0300
   98.9700
   98.9700
   98.9700
   98.9700
   98.9700
   98.9600
   98.9600
   98.9600
   98.9600
   98.9600
   99.0400
   99.0400
   99.0400
   99.0400
   99.0400
   99.0600
   99.0600
   99.0600
   99.0600
   99.0600
   99.0100
   99.0100
   99.0100
   99.0100
   99.0100
   99.0200
   99.0200
   99.0200
   99.0200
   99.0200
   99.1100
   99.1100
   99.1100
   99.1100
   99.1100
   99.0700
   99.0700
   99.0700
   99.0700
   99.0700
   99.1000
   99.1000
   99.1000
   99.1000
   99.1000
   99.1400
   99.1400
   99.1400
   99.1400
   99.1400
   99.0800
   99.0800
   99.0800
   99.0800
   99.0800
   99.1000
   99.1000
   99.1000
   99.1000
   99.1000
   99.1000
   99.1000
   99.1000
   99.1000
   99.1000
   99.0400
   99.0400
   99.0400
   99.0400
   99.0400
   99.0400
   99.0400
   99.0400
   99.0400
   99.0400
   99.1600
   99.1600
   99.1600
   99.1600
   99.1600
   99.0600
   99.0600
   99.0600
   99.0600
   99.0600
   99.0600
   99.0600
   99.0600
   99.0600
   99.0600
   99.0800
   99.0800
   99.0800
   99.0800
   99.0800
   99.1100
   99.1100
   99.1100
   99.1100
   99.1100
   99.0600
   99.0600
   99.0600
   99.0600
   99.0600
   99.1100
   99.1100
   99.1100
   99.1100
   99.1100
   99.0800
   99.0800
   99.0800
   99.0800
   99.0800
   99.0900
   99.0900
   99.0900
   99.0900
   99.0900
   99.0600
   99.0600
   99.0600
   99.0600
   99.0600
   99.0900
   99.0900
   99.0900
   99.0900
   99.0900
   99.0800
   99.0800
   99.0800
   99.0800
   99.0800
   99.0700
   99.0700
   99.0700
   99.0700
   99.0700
   99.1200
   99.1200
   99.1200
   99.1200
   99.1200
   99.1000
   99.1000
   99.1000
   99.1000
   99.1000
   99.0500
   99.0500
   99.0500
   99.0500
   99.0500
   99.0900
   99.0900
   99.0900
   99.0900
   99.0900
   99.0800
   99.0800
   99.0800
   99.0800
   99.0800
   99.0500
   99.0500
   99.0500
   99.0500
   99.0500
   99.0500
   99.0500
   99.0500
   99.0500
   99.0500
   99.0300
   99.0300
   99.0300
   99.0300
   99.0300
   99.0600
   99.0600
   99.0600
   99.0600
   99.0600
   99.1100
   99.1100
   99.1100
   99.1100
   99.1100
   99.0500
   99.0500
   99.0500
   99.0500
   99.0500
   99.0800
   99.0800
   99.0800
   99.0800
   99.0800
   99.0300
   99.0300
   99.0300
   99.0300
   99.0300
   99.0900
   99.0900
   99.0900
   99.0900
   99.0900
   99.0500
   99.0500
   99.0500
   99.0500
   99.0500
   99.0800
   99.0800
   99.0800
   99.0800
   99.0800
   99.1000
   99.1000
   99.1000
   99.1000
   99.1000
   99.0500
   99.0500
   99.0500
   99.0500
   99.0500
   99.0500
   99.0500
   99.0500
   99.0500
   99.0500
   99.0700
   99.0700
   99.0700
   99.0700
   99.0700
   99.0300
   99.0300
   99.0300
   99.0300
   99.0300
   99.0600
   99.0600
   99.0600
   99.0600
   99.0600
   99.0000
   99.0000
   99.0000
   99.0000
   99.0000
   99.0400
   99.0400
   99.0400
   99.0400
   99.0400
   99.1100
   99.1100
   99.1100
   99.1100
   99.1100
   99.0200
   99.0200
   99.0200
   99.0200
   99.0200
   99.1200
   99.1200
   99.1200
   99.1200
   99.1200
   99.0700
   99.0700
   99.0700
   99.0700
   99.0700
   99.1400
   99.1400
   99.1400
   99.1400
   99.1400
   99.1300
   99.1300
   99.1300
   99.1300
   99.1300
   99.1000
   99.1000
   99.1000
   99.1000
   99.1000
   99.0600
   99.0600
   99.0600
   99.0600
   99.0600
   99.0700
   99.0700
   99.0700
   99.0700
   99.0700
   99.0400
   99.0400
   99.0400
   99.0400
   99.0400
   99.0900
   99.0900
   99.0900
   99.0900
   99.0900
   99.1200
   99.1200
   99.1200
   99.1200
   99.1200
   99.0400
   99.0400
   99.0400
   99.0400
   99.0400
   99.1400
   99.1400
   99.1400
   99.1400
   99.1400
   99.1200
   99.1200
   99.1200
   99.1200
   99.1200
   99.0800
   99.0800
   99.0800
   99.0800
   99.0800
   99.0900
   99.0900
   99.0900
   99.0900
   99.0900
   99.0800
   99.0800
   99.0800
   99.0800
   99.0800
   99.0500
   99.0500
   99.0500
   99.0500
   99.0500
   99.1100
   99.1100
   99.1100
   99.1100
   99.1100
   99.0200
   99.0200
   99.0200
   99.0200
   99.0200
   99.0200
   99.0200
   99.0200
   99.0200
   99.0200
   99.0700
   99.0700
   99.0700
   99.0700
   99.0700
   99.0300
   99.0300
   99.0300
   99.0300
   99.0300
   99.0500
   99.0500
   99.0500
   99.0500
   99.0500
   99.0400
   99.0400
   99.0400
   99.0400
   99.0400
   99.0200
   99.0200
   99.0200
   99.0200
   99.0200
   99.0200
   99.0200
   99.0200
   99.0200
   99.0200
   98.9500
   98.9500
   98.9500
   98.9500
   98.9500
   99.0100
   99.0100
   99.0100
   99.0100
   99.0100
   99.0300
   99.0300
   99.0300
   99.0300
   99.0300
   99.0500
   99.0500
   99.0500
   99.0500
   99.0500
   99.0100
   99.0100
   99.0100
   99.0100
   99.0100
   99.0900
   99.0900
   99.0900
   99.0900
   99.0900
   99.0600
   99.0600
   99.0600
   99.0600
   99.0600
   99.0900
   99.0900
   99.0900
   99.0900
   99.0900
   99.0700
   99.0700
   99.0700
   99.0700
   99.0700
   99.0700
   99.0700
   99.0700
   99.0700
   99.0700
   99.0900
   99.0900
   99.0900
   99.0900
   99.0900
   99.1100
   99.1100
   99.1100
   99.1100
   99.1100
   99.0500
   99.0500
   99.0500
   99.0500
   99.0500
   99.0600
   99.0600
   99.0600
   99.0600
   99.0600
   99.1000
   99.1000
   99.1000
   99.1000
   99.1000
   99.1000
   99.1000
   99.1000
   99.1000
   99.1000
   99.0700
   99.0700
   99.0700
   99.0700
   99.0700
   99.0900
   99.0900
   99.0900
   99.0900
   99.0900
   99.0500
   99.0500
   99.0500
   99.0500
   99.0500
   99.0800
   99.0800
   99.0800
   99.0800
   99.0800
   99.0300
   99.0300
   99.0300
   99.0300
   99.0300
   99.0100
   99.0100
   99.0100
   99.0100
   99.0100
   98.9800
   98.9800
   98.9800
   98.9800
   98.9800
   99.0400
   99.0400
   99.0400
   99.0400
   99.0400
   99.0600
   99.0600
   99.0600
   99.0600
   99.0600
   98.9900
   98.9900
   98.9900
   98.9900
   98.9900
   99.0400
   99.0400
   99.0400
   99.0400
   99.0400
   99.0600
   99.0600
   99.0600
   99.0600
   99.0600
   99.0200
   99.0200
   99.0200
   99.0200
   99.0200
   99.1100
   99.1100
   99.1100
   99.1100
   99.1100
   99.0700
   99.0700
   99.0700
   99.0700
   99.0700
   99.1100
   99.1100
   99.1100
   99.1100
   99.1100
   99.0800
   99.0800
   99.0800
   99.0800
   99.0800
   99.0500
   99.0500
   99.0500
   99.0500
   99.0500
   99.0200
   99.0200
   99.0200
   99.0200
   99.0200
   98.9700
   98.9700
   98.9700
   98.9700
   98.9700
   99.0200
   99.0200
   99.0200
   99.0200
   99.0200
   99.0200
   99.0200
   99.0200
   99.0200
   99.0200
   99.0000
   99.0000
   99.0000
   99.0000
   99.0000
   99.1000
   99.1000
   99.1000
   99.1000
   99.1000
   99.0300
   99.0300
   99.0300
   99.0300
   99.0300
   99.0300
   99.0300
   99.0300
   99.0300
   99.0300
   99.1000
   99.1000
   99.1000
   99.1000
   99.1000
   99.0600
   99.0600
   99.0600
   99.0600
   99.0600
   99.1200
   99.1200
   99.1200
   99.1200
   99.1200
   99.0800
   99.0800
   99.0800
   99.0800
   99.0800
   99.0500
   99.0500
   99.0500
   99.0500
   99.0500
   99.0700
   99.0700
   99.0700
   99.0700
   99.0700
   99.0000
   99.0000
   99.0000
   99.0000
   99.0000
   99.0800
   99.0800
   99.0800
   99.0800
   99.0800
   99.0900
   99.0900
   99.0900
   99.0900
   99.0900
   99.1500
   99.1500
   99.1500
   99.1500
   99.1500
   99.0800
   99.0800
   99.0800
   99.0800
   99.0800
   99.1000
   99.1000
   99.1000
   99.1000
   99.1000
   99.0500
   99.0500
   99.0500
   99.0500
   99.0500
   99.0600
   99.0600
   99.0600
   99.0600
   99.0600