    4.2300
    4.2300
   90.9000
   90.9000
   93.8900
   93.8900
   94.5200
   94.5200
   95.4800
   95.4800
   95.7900
   95.7900
   96.0600
   96.0600
   96.3100
   96.3100
   96.4500
   96.4500
   96.7700
   96.7700
   96.9400
   96.9400
   97.0600
   97.0600
   97.1500
   97.1500
   97.2000
   97.2000
   97.3300
   97.3300
   97.4400
   97.4400
   97.3400
   97.3400
   97.4200
   97.4200
   97.6100
   97.6100
   97.6500
   97.6500
   97.8100
   97.8100
   97.8500
   97.8500
   97.8200
   97.8200
   97.7800
   97.7800
   98.0100
   98.0100
   97.9500
   97.9500
   97.9300
   97.9300
   97.8900
   97.8900
   97.9900
   97.9900
   98.0900
   98.0900
   98.1900
   98.1900
   98.2200
   98.2200
   98.3000
   98.3000
   98.3400
   98.3400
   98.2900
   98.2900
   98.3800
   98.3800
   98.4200
   98.4200
   98.4600
   98.4600
   98.5500
   98.5500
   98.5100
   98.5100
   98.4500
   98.4500
   98.4200
   98.4200
   98.3900
   98.3900
   98.4400
   98.4400
   98.5300
   98.5300
   98.3800
   98.3800
   98.5300
   98.5300
   98.4900
   98.4900
   98.5200
   98.5200
   98.5100
   98.5100
   98.5400
   98.5400
   98.5600
   98.5600
   98.5400
   98.5400
   98.6100
   98.6100
   98.5900
   98.5900
   98.5500
   98.5500
   98.5200
   98.5200
   98.5900
   98.5900
   98.5800
   98.5800
   98.6100
   98.6100
   98.5600
   98.5600
   98.6000
   98.6000
   98.6700
   98.6700
   98.6500
   98.6500
   98.6500
   98.6500
   98.6200
   98.6200
   98.6600
   98.6600
   98.7100
   98.7100
   98.6800
   98.6800
   98.7400
   98.7400
   98.7300
   98.7300
   98.7100
   98.7100
   98.6900
   98.6900
   98.7300
   98.7300
   98.7900
   98.7900
   98.6900
   98.6900
   98.7700
   98.7700
   98.7800
   98.7800
   98.7400
   98.7400
   98.8400
   98.8400
   98.8200
   98.8200
   98.7500
   98.7500
   98.7900
   98.7900
   98.8600
   98.8600
   98.7500
   98.7500
   98.7800
   98.7800
   98.8300
   98.8300
   98.8000
   98.8000
   98.8300
   98.8300
   98.7200
   98.7200
   98.7900
   98.7900
   98.7700
   98.7700
   98.7600
   98.7600
   98.8100
   98.8100
   98.8300
   98.8300
   98.7400
   98.7400
   98.9300
   98.9300
   98.8600
   98.8600
   98.9000
   98.9000
   98.8000
   98.8000
   98.8900
   98.8900
   98.8300
   98.8300
   98.8900
   98.8900
   98.7700
   98.7700
   98.8800
   98.8800
   98.7900
   98.7900
   98.8700
   98.8700
   98.9700
   98.9700
   98.9300
   98.9300
   98.9400
   98.9400
   98.9800
   98.9800
   98.8800
   98.8800
   98.7900
   98.7900
   98.8700
   98.8700
   98.9600
   98.9600
   98.7700
   98.7700
   98.8900
   98.8900
   98.8700
   98.8700
   98.9100
   98.9100
   98.8900
   98.8900
   98.8700
   98.8700
   98.8900
   98.8900
   98.9100
   98.9100
   98.9000
   98.9000
   98.9300
   98.9300
   98.9500
   98.9500
   98.8700
   98.8700
   98.9600
   98.9600
   98.9300
   98.9300
   98.9400
   98.9400
   99.0200
   99.0200
   98.9100
   98.9100
   98.9200
   98.9200
   98.9700
   98.9700
   98.9500
   98.9500
   98.9900
   98.9900
   98.9600
   98.9600
   98.9500
   98.9500
   98.9200
   98.9200
   98.9400
   98.9400
   98.9300
   98.9300
   98.9200
   98.9200
   99.0000
   99.0000
   99.0000
   99.0000
   98.8900
   98.8900
   98.9500
   98.9500
   98.9700
   98.9700
   98.9300
   98.9300
   98.8700
   98.8700
   98.9000
   98.9000
   98.9600
   98.9600
   98.9600
   98.9600
   98.9600
   98.9600
   98.9200
   98.9200
   99.0200
   99.0200
   99.0200
   99.0200
   98.9900
   98.9900
   99.0100
   99.0100
   99.0500
   99.0500
   98.9600
   98.9600
   98.9700
   98.9700
   99.0000
   99.0000
   98.9500
   98.9500
   98.9800
   98.9800
   98.9000
   98.9000
   98.9500
   98.9500
   98.9200
   98.9200
   98.9400
   98.9400
   98.9200
   98.9200
   98.9900
   98.9900
   98.9700
   98.9700
   99.0100
   99.0100
   99.0200
   99.0200
   99.0000
   99.0000
   98.9800
   98.9800
   99.0200
   99.0200
   99.0400
   99.0400
   98.9900
   98.9900
   99.0200
   99.0200
   99.0200
   99.0200
   99.0100
   99.0100
   99.0300
   99.0300
   99.0100
   99.0100
   98.9800
   98.9800
   99.0100
   99.0100
   99.0600
   99.0600
   99.0400
   99.0400
   99.0000
   99.0000
   98.9800
   98.9800
   99.0000
   99.0000
   99.0400
   99.0400
   99.0400
   99.0400
   99.0100
   99.0100
   98.9600
   98.9600
   99.0100
   99.0100
   99.0500
   99.0500
   99.0100
   99.0100
   99.0300
   99.0300
   99.0400
   99.0400
   98.9900
   98.9900
   98.9600
   98.9600
   98.9800
   98.9800
   99.0000
   99.0000
   99.0000
   99.0000
   98.9600
   98.9600
   98.9400
   98.9400
   98.9400
   98.9400
   98.9700
   98.9700
   98.9500
   98.9500
   99.0500
   99.0500
   99.0000
   99.0000
   98.9400
   98.9400
   99.0500
   99.0500
   99.0200
   99.0200
   99.0200
   99.0200
   99.0400
   99.0400
   99.0400
   99.0400
   98.9900
   98.9900
   98.9700
   98.9700
   99.0400
   99.0400
   98.9800
   98.9800
   99.0300
   99.0300
   98.9900
   98.9900
   99.0300
   99.0300
   98.9700
   98.9700
   98.9400
   98.9400
   99.0200
   99.0200
   98.9400
   98.9400
   98.9500
   98.9500
   98.9800
   98.9800
   99.0100
   99.0100
   98.9500
   98.9500
   99.0200
   99.0200
   98.9500
   98.9500
   98.9700
   98.9700
   98.9700
   98.9700
   98.9600
   98.9600
   99.0300
   99.0300
   99.0500
   99.0500
   99.0100
   99.0100
   99.0300
   99.0300
   99.0200
   99.0200
   98.9600
   98.9600
   98.9800
   98.9800
   99.0600
   99.0600
   99.0000
   99.0000
   99.0900
   99.0900
   99.0600
   99.0600
   99.1000
   99.1000
   99.1000
   99.1000
   99.1000
   99.1000
   99.0000
   99.0000
   98.9800
   98.9800
   98.9800
   98.9800
   99.0500
   99.0500
   99.0500
   99.0500
   99.0100
   99.0100
   99.0500
   99.0500
   99.0200
   99.0200
   98.9900
   98.9900
   99.0100
   99.0100
   99.0100
   99.0100
   99.0100
   99.0100
   99.0600
   99.0600
   98.9800
   98.9800
   99.0400
   99.0400
   98.9800
   98.9800
   99.0400
   99.0400
   99.0000
   99.0000
   98.9600
   98.9600
   98.9900
   98.9900
   99.0100
   99.0100
   98.9600
   98.9600
   98.9900
   98.9900
   99.0000
   99.0000
   98.9900
   98.9900
   99.0600
   99.0600
   99.0200
   99.0200
   99.0500
   99.0500
   99.0100
   99.0100
   99.0500
   99.0500
   99.0300
   99.0300
   99.0400
   99.0400
   99.0600
   99.0600
   98.9200
   98.9200
   99.0700
   99.0700
   99.0400
   99.0400
   99.0400
   99.0400
   99.0400
   99.0400
   99.0700
   99.0700
   99.0100
   99.0100
   99.0200
   99.0200
   99.0600
   99.0600
   99.0600
   99.0600
   99.0800
   99.0800
   99.0500
   99.0500
   99.1300
   99.1300
   99.1300
   99.1300
   99.0500
   99.0500
   99.0700
   99.0700
   99.0400
   99.0400
   99.0800
   99.0800
   98.9600
   98.9600
   98.9900
   98.9900
   99.1000
   99.1000
   99.0100
   99.0100
   99.0400
   99.0400
   99.0100
   99.0100
   98.9900
   98.9900
   98.9900
   98.9900
   98.9800
   98.9800
   99.0300
   99.0300
   99.0300
   99.0300
   99.0400
   99.0400
   99.0000
   99.0000
   99.0300
   99.0300
   99.0000
   99.0000
   99.0400
   99.0400
   98.9900
   98.9900
   98.9600
   98.9600
   99.0100
   99.0100
   99.0100
   99.0100
   99.0200
   99.0200
   98.9800
   98.9800
   99.0000
   99.0000
   99.0300
   99.0300
   98.9900
   98.9900
   98.9800
   98.9800
   99.0300
   99.0300
   99.0400
   99.0400
   99.0300
   99.0300
   99.0800
   99.0800
   99.0500
   99.0500
   99.0400
   99.0400
   99.0600
   99.0600
   99.0100
   99.0100
   99.1100
   99.1100
   99.1000
   99.1000
   99.0400
   99.0400
   99.0700
   99.0700
   99.0200
   99.0200
   99.0600
   99.0600
   99.0600
   99.0600
   99.0600
   99.0600
   99.0400
   99.0400
   99.1000
   99.1000
   99.0700
   99.0700
   99.1100
   99.1100
   99.0300
   99.0300
   99.1400
   99.1400
   99.1100
   99.1100
   99.0700
   99.0700
   99.0700
   99.0700
   99.0900
   99.0900
   99.0800
   99.0800
   99.1000
   99.1000
   99.0800
   99.0800
   99.0600
   99.0600
   99.1300
   99.1300
   99.0400
   99.0400
   99.1300
   99.1300
   99.0600
   99.0600
   99.1200
   99.1200
   99.0900
   99.0900
   99.0700
   99.0700
   99.0700
   99.0700
   99.1100
   99.1100
   99.0100
   99.0100
   99.0400
   99.0400
   99.1300
   99.1300
   99.1100
   99.1100
   99.0500
   99.0500
   99.0200
   99.0200
   99.0300
   99.0300
   99.1300
   99.1300
   99.0800
   99.0800
   99.1000
   99.1000
   99.0900
   99.0900
   99.0300
   99.0300
   99.0400
   99.0400
   99.1000
   99.1000
   99.0500
   99.0500
   99.0600
   99.0600
   99.0800
   99.0800
   99.0000
   99.0000
   99.0400
   99.0400
   99.0500
   99.0500
   99.0700
   99.0700
   99.0400
   99.0400
   99.0500
   99.0500
   99.0600
   99.0600
   99.0800
   99.0800
   99.0400
   99.0400
   99.0600
   99.0600
   99.0600
   99.0600
   99.0300
   99.0300
   98.9800
   98.9800
   99.1000
   99.1000
   99.0000
   99.0000
   99.0100
   99.0100
   99.0600
   99.0600
   99.1100
   99.1100
   99.0500
   99.0500
   99.0700
   99.0700
   99.0200
   99.0200
   99.0500
   99.0500
   99.0400
   99.0400
   99.0400
   99.0400
   99.0800
   99.0800
   99.1000
   99.1000
   99.0900
   99.0900
   99.0200
   99.0200
   99.0200
   99.0200
   99.0200
   99.0200
   99.0600
   99.0600
   99.0200
   99.0200
   99.0400
   99.0400
   99.0600
   99.0600
   99.0200
   99.0200
   99.0000
   99.0000
   99.1100
   99.1100
   99.0200
   99.0200
   99.0600
   99.0600
   98.9700
   98.9700
   99.0900
   99.0900
   99.0900
   99.0900
   99.1000
   99.1000
   99.1500
   99.1500
   99.0600
   99.0600
   99.0500
   99.0500
   99.0900
   99.0900
   99.1200
   99.1200
   99.0900
   99.0900
   99.1300
   99.1300
   99.0800
   99.0800
   99.1600
   99.1600
   99.1600
   99.1600
   99.1000
   99.1000
   99.0500
   99.0500
   99.0600
   99.0600
   99.1200
   99.1200
   99.0900
   99.0900
   99.0600
   99.0600
   99.1300
   99.1300
   99.1500
   99.1500
   99.1200
   99.1200
   99.1100
   99.1100
   99.1300
   99.1300
   99.1200
   99.1200
   99.0700
   99.0700
   99.1500
   99.1500
   99.1500
   99.1500
   99.1200
   99.1200
   99.1100
   99.1100
   99.0700
   99.0700
   99.0500
   99.0500
   99.0400
   99.0400
   99.1500
   99.1500
   99.1300
   99.1300
   99.1800
   99.1800
   99.1300
   99.1300
   99.1000
   99.1000
   99.1000
   99.1000
   99.0500
   99.0500
   99.1300
   99.1300
   99.0800
   99.0800
   99.1100
   99.1100
   99.1300
   99.1300
   99.1600
   99.1600
   99.1200
   99.1200
   99.1200
   99.1200
   99.1200
   99.1200
   99.1200
   99.1200
   99.1300
   99.1300
   99.1400
   99.1400
   99.1200
   99.1200
   99.1100
   99.1100
   99.1500
   99.1500
   99.1400
   99.1400
   99.1700
   99.1700
   99.1600
   99.1600
   99.1800
   99.1800
   99.1800
   99.1800
   99.1600
   99.1600
   99.1300
   99.1300
   99.1200
   99.1200
   99.1100
   99.1100
   99.1500
   99.1500
   99.1700
   99.1700
   99.1100
   99.1100
   99.1200
   99.1200
   99.1400
   99.1400
   99.0700
   99.0700
   99.1100
   99.1100
   99.1300
   99.1300
   99.0800
   99.0800
   99.1100
   99.1100
   99.0400
   99.0400
   99.0800
   99.0800
   99.1100
   99.1100