   95.0200
   95.0200
   95.0200
   95.0200
   95.0200
   95.0200
   95.0200
   95.0200
   95.0200
   95.0200
   96.8000
   96.8000
   96.8000
   96.8000
   96.8000
   96.8000
   96.8000
   96.8000
   96.8000
   96.8000
   97.5100
   97.5100
   97.5100
   97.5100
   97.5100
   97.5100
   97.5100
   97.5100
   97.5100
   97.5100
   97.8700
   97.8700
   97.8700
   97.8700
   97.8700
   97.8700
   97.8700
   97.8700
   97.8700
   97.8700
   98.0000
   98.0000
   98.0000
   98.0000
   98.0000
   98.0000
   98.0000
   98.0000
   98.0000
   98.0000
   98.1900
   98.1900
   98.1900
   98.1900
   98.1900
   98.1900
   98.1900
   98.1900
   98.1900
   98.1900
   98.3000
   98.3000
   98.3000
   98.3000
   98.3000
   98.3000
   98.3000
   98.3000
   98.3000
   98.3000
   98.4400
   98.4400
   98.4400
   98.4400
   98.4400
   98.4400
   98.4400
   98.4400
   98.4400
   98.4400
   98.4500
   98.4500
   98.4500
   98.4500
   98.4500
   98.4500
   98.4500
   98.4500
   98.4500
   98.4500
   98.5500
   98.5500
   98.5500
   98.5500
   98.5500
   98.5500
   98.5500
   98.5500
   98.5500
   98.5500
   98.6600
   98.6600
   98.6600
   98.6600
   98.6600
   98.6600
   98.6600
   98.6600
   98.6600
   98.6600
   98.6900
   98.6900
   98.6900
   98.6900
   98.6900
   98.6900
   98.6900
   98.6900
   98.6900
   98.6900
   98.7400
   98.7400
   98.7400
   98.7400
   98.7400
   98.7400
   98.7400
   98.7400
   98.7400
   98.7400
   98.7900
   98.7900
   98.7900
   98.7900
   98.7900
   98.7900
   98.7900
   98.7900
   98.7900
   98.7900
   98.8400
   98.8400
   98.8400
   98.8400
   98.8400
   98.8400
   98.8400
   98.8400
   98.8400
   98.8400
   98.8400
   98.8400
   98.8400
   98.8400
   98.8400
   98.8400
   98.8400
   98.8400
   98.8400
   98.8400
   98.9100
   98.9100
   98.9100
   98.9100
   98.9100
   98.9100
   98.9100
   98.9100
   98.9100
   98.9100
   98.9400
   98.9400
   98.9400
   98.9400
   98.9400
   98.9400
   98.9400
   98.9400
   98.9400
   98.9400
   98.9300
   98.9300
   98.9300
   98.9300
   98.9300
   98.9300
   98.9300
   98.9300
   98.9300
   98.9300
   98.9700
   98.9700
   98.9700
   98.9700
   98.9700
   98.9700
   98.9700
   98.9700
   98.9700
   98.9700
   98.9700
   98.9700
   98.9700
   98.9700
   98.9700
   98.9700
   98.9700
   98.9700
   98.9700
   98.9700
   98.9600
   98.9600
   98.9600
   98.9600
   98.9600
   98.9600
   98.9600
   98.9600
   98.9600
   98.9600
   98.9800
   98.9800
   98.9800
   98.9800
   98.9800
   98.9800
   98.9800
   98.9800
   98.9800
   98.9800
   99.0600
   99.0600
   99.0600
   99.0600
   99.0600
   99.0600
   99.0600
   99.0600
   99.0600
   99.0600
   99.0500
   99.0500
   99.0500
   99.0500
   99.0500
   99.0500
   99.0500
   99.0500
   99.0500
   99.0500
   99.0400
   99.0400
   99.0400
   99.0400
   99.0400
   99.0400
   99.0400
   99.0400
   99.0400
   99.0400
   99.0700
   99.0700
   99.0700
   99.0700
   99.0700
   99.0700
   99.0700
   99.0700
   99.0700
   99.0700
   99.1100
   99.1100
   99.1100
   99.1100
   99.1100
   99.1100
   99.1100
   99.1100
   99.1100
   99.1100
   99.0700
   99.0700
   99.0700
   99.0700
   99.0700
   99.0700
   99.0700
   99.0700
   99.0700
   99.0700
   99.0500
   99.0500
   99.0500
   99.0500
   99.0500
   99.0500
   99.0500
   99.0500
   99.0500
   99.0500
   99.0700
   99.0700
   99.0700
   99.0700
   99.0700
   99.0700
   99.0700
   99.0700
   99.0700
   99.0700
   99.0700
   99.0700
   99.0700
   99.0700
   99.0700
   99.0700
   99.0700
   99.0700
   99.0700
   99.0700
   99.0600
   99.0600
   99.0600
   99.0600
   99.0600
   99.0600
   99.0600
   99.0600
   99.0600
   99.0600
   99.1000
   99.1000
   99.1000
   99.1000
   99.1000
   99.1000
   99.1000
   99.1000
   99.1000
   99.1000
   99.1100
   99.1100
   99.1100
   99.1100
   99.1100
   99.1100
   99.1100
   99.1100
   99.1100
   99.1100
   99.0700
   99.0700
   99.0700
   99.0700
   99.0700
   99.0700
   99.0700
   99.0700
   99.0700
   99.0700
   99.0600
   99.0600
   99.0600
   99.0600
   99.0600
   99.0600
   99.0600
   99.0600
   99.0600
   99.0600
   99.1400
   99.1400
   99.1400
   99.1400
   99.1400
   99.1400
   99.1400
   99.1400
   99.1400
   99.1400
   99.1000
   99.1000
   99.1000
   99.1000
   99.1000
   99.1000
   99.1000
   99.1000
   99.1000
   99.1000
   99.1500
   99.1500
   99.1500
   99.1500
   99.1500
   99.1500
   99.1500
   99.1500
   99.1500
   99.1500
   99.1100
   99.1100
   99.1100
   99.1100
   99.1100
   99.1100
   99.1100
   99.1100
   99.1100
   99.1100
   99.2000
   99.2000
   99.2000
   99.2000
   99.2000
   99.2000
   99.2000
   99.2000
   99.2000
   99.2000
   99.1500
   99.1500
   99.1500
   99.1500
   99.1500
   99.1500
   99.1500
   99.1500
   99.1500
   99.1500
   99.1500
   99.1500
   99.1500
   99.1500
   99.1500
   99.1500
   99.1500
   99.1500
   99.1500
   99.1500
   99.1900
   99.1900
   99.1900
   99.1900
   99.1900
   99.1900
   99.1900
   99.1900
   99.1900
   99.1900
   99.1500
   99.1500
   99.1500
   99.1500
   99.1500
   99.1500
   99.1500
   99.1500
   99.1500
   99.1500
   99.1600
   99.1600
   99.1600
   99.1600
   99.1600
   99.1600
   99.1600
   99.1600
   99.1600
   99.1600
   99.1400
   99.1400
   99.1400
   99.1400
   99.1400
   99.1400
   99.1400
   99.1400
   99.1400
   99.1400
   99.1700
   99.1700
   99.1700
   99.1700
   99.1700
   99.1700
   99.1700
   99.1700
   99.1700
   99.1700
   99.1700
   99.1700
   99.1700
   99.1700
   99.1700
   99.1700
   99.1700
   99.1700
   99.1700
   99.1700
   99.1600
   99.1600
   99.1600
   99.1600
   99.1600
   99.1600
   99.1600
   99.1600
   99.1600
   99.1600
   99.1300
   99.1300
   99.1300
   99.1300
   99.1300
   99.1300
   99.1300
   99.1300
   99.1300
   99.1300
   99.1700
   99.1700
   99.1700
   99.1700
   99.1700
   99.1700
   99.1700
   99.1700
   99.1700
   99.1700
   99.1400
   99.1400
   99.1400
   99.1400
   99.1400
   99.1400
   99.1400
   99.1400
   99.1400
   99.1400
   99.1700
   99.1700
   99.1700
   99.1700
   99.1700
   99.1700
   99.1700
   99.1700
   99.1700
   99.1700
   99.1700
   99.1700
   99.1700
   99.1700
   99.1700
   99.1700
   99.1700
   99.1700
   99.1700
   99.1700
   99.1700
   99.1700
   99.1700
   99.1700
   99.1700
   99.1700
   99.1700
   99.1700
   99.1700
   99.1700
   99.1700
   99.1700
   99.1700
   99.1700
   99.1700
   99.1700
   99.1700
   99.1700
   99.1700
   99.1700
   99.1900
   99.1900
   99.1900
   99.1900
   99.1900
   99.1900
   99.1900
   99.1900
   99.1900
   99.1900
   99.1800
   99.1800
   99.1800
   99.1800
   99.1800
   99.1800
   99.1800
   99.1800
   99.1800
   99.1800
   99.2000
   99.2000
   99.2000
   99.2000
   99.2000
   99.2000
   99.2000
   99.2000
   99.2000
   99.2000
   99.1700
   99.1700
   99.1700
   99.1700
   99.1700
   99.1700
   99.1700
   99.1700
   99.1700
   99.1700
   99.1100
   99.1100
   99.1100
   99.1100
   99.1100
   99.1100
   99.1100
   99.1100
   99.1100
   99.1100
   99.1800
   99.1800
   99.1800
   99.1800
   99.1800
   99.1800
   99.1800
   99.1800
   99.1800
   99.1800
   99.2000
   99.2000
   99.2000
   99.2000
   99.2000
   99.2000
   99.2000
   99.2000
   99.2000
   99.2000
   99.1400
   99.1400
   99.1400
   99.1400
   99.1400
   99.1400
   99.1400
   99.1400
   99.1400
   99.1400
   99.1300
   99.1300
   99.1300
   99.1300
   99.1300
   99.1300
   99.1300
   99.1300
   99.1300
   99.1300
   99.1600
   99.1600
   99.1600
   99.1600
   99.1600
   99.1600
   99.1600
   99.1600
   99.1600
   99.1600
   99.1400
   99.1400
   99.1400
   99.1400
   99.1400
   99.1400
   99.1400
   99.1400
   99.1400
   99.1400
   99.2300
   99.2300
   99.2300
   99.2300
   99.2300
   99.2300
   99.2300
   99.2300
   99.2300
   99.2300
   99.1800
   99.1800
   99.1800
   99.1800
   99.1800
   99.1800
   99.1800
   99.1800
   99.1800
   99.1800
   99.1600
   99.1600
   99.1600
   99.1600
   99.1600
   99.1600
   99.1600
   99.1600
   99.1600
   99.1600
   99.1700
   99.1700
   99.1700
   99.1700
   99.1700
   99.1700
   99.1700
   99.1700
   99.1700
   99.1700
   99.1900
   99.1900
   99.1900
   99.1900
   99.1900
   99.1900
   99.1900
   99.1900
   99.1900
   99.1900
   99.1600
   99.1600
   99.1600
   99.1600
   99.1600
   99.1600
   99.1600
   99.1600
   99.1600
   99.1600
   99.1300
   99.1300
   99.1300
   99.1300
   99.1300
   99.1300
   99.1300
   99.1300
   99.1300
   99.1300
   99.1400
   99.1400
   99.1400
   99.1400
   99.1400
   99.1400
   99.1400
   99.1400
   99.1400
   99.1400
   99.1800
   99.1800
   99.1800
   99.1800
   99.1800
   99.1800
   99.1800
   99.1800
   99.1800
   99.1800
   99.1600
   99.1600
   99.1600
   99.1600
   99.1600
   99.1600
   99.1600
   99.1600
   99.1600
   99.1600
   99.2000
   99.2000
   99.2000
   99.2000
   99.2000
   99.2000
   99.2000
   99.2000
   99.2000
   99.2000
   99.1700
   99.1700
   99.1700
   99.1700
   99.1700
   99.1700
   99.1700
   99.1700
   99.1700
   99.1700
   99.1300
   99.1300
   99.1300
   99.1300
   99.1300
   99.1300
   99.1300
   99.1300
   99.1300
   99.1300
   99.1700
   99.1700
   99.1700
   99.1700
   99.1700
   99.1700
   99.1700
   99.1700
   99.1700
   99.1700
   99.1000
   99.1000
   99.1000
   99.1000
   99.1000
   99.1000
   99.1000
   99.1000
   99.1000
   99.1000
   99.1400
   99.1400
   99.1400
   99.1400
   99.1400
   99.1400
   99.1400
   99.1400
   99.1400
   99.1400
   99.1500
   99.1500
   99.1500
   99.1500
   99.1500
   99.1500
   99.1500
   99.1500
   99.1500
   99.1500
   99.2000
   99.2000
   99.2000
   99.2000
   99.2000
   99.2000
   99.2000
   99.2000
   99.2000
   99.2000
   99.1200
   99.1200
   99.1200
   99.1200
   99.1200
   99.1200
   99.1200
   99.1200
   99.1200
   99.1200
   99.1300
   99.1300
   99.1300
   99.1300
   99.1300
   99.1300
   99.1300
   99.1300
   99.1300
   99.1300
   99.1500
   99.1500
   99.1500
   99.1500
   99.1500
   99.1500
   99.1500
   99.1500
   99.1500
   99.1500
   99.1300
   99.1300
   99.1300
   99.1300
   99.1300
   99.1300
   99.1300
   99.1300
   99.1300
   99.1300
   99.1500
   99.1500
   99.1500
   99.1500
   99.1500
   99.1500
   99.1500
   99.1500
   99.1500
   99.1500
   99.1900
   99.1900
   99.1900
   99.1900
   99.1900
   99.1900
   99.1900
   99.1900
   99.1900
   99.1900
   99.1700
   99.1700
   99.1700
   99.1700
   99.1700
   99.1700
   99.1700
   99.1700
   99.1700
   99.1700
   99.1500
   99.1500
   99.1500
   99.1500
   99.1500
   99.1500
   99.1500
   99.1500
   99.1500
   99.1500
   99.1600
   99.1600
   99.1600
   99.1600
   99.1600
   99.1600
   99.1600
   99.1600
   99.1600
   99.1600
   99.1300
   99.1300
   99.1300
   99.1300
   99.1300
   99.1300
   99.1300
   99.1300
   99.1300
   99.1300
   99.1900
   99.1900
   99.1900
   99.1900
   99.1900
   99.1900
   99.1900
   99.1900
   99.1900
   99.1900
   99.2100
   99.2100
   99.2100
   99.2100
   99.2100
   99.2100
   99.2100
   99.2100
   99.2100
   99.2100
   99.1300
   99.1300
   99.1300
   99.1300
   99.1300
   99.1300
   99.1300
   99.1300
   99.1300
   99.1300