   84.6300
   84.6300
   84.6300
   84.6300
   84.6300
   90.6300
   90.6300
   90.6300
   90.6300
   90.6300
   93.0600
   93.0600
   93.0600
   93.0600
   93.0600
   94.1600
   94.1600
   94.1600
   94.1600
   94.1600
   95.1800
   95.1800
   95.1800
   95.1800
   95.1800
   95.6300
   95.6300
   95.6300
   95.6300
   95.6300
   96.0000
   96.0000
   96.0000
   96.0000
   96.0000
   96.4400
   96.4400
   96.4400
   96.4400
   96.4400
   96.7200
   96.7200
   96.7200
   96.7200
   96.7200
   96.9600
   96.9600
   96.9600
   96.9600
   96.9600
   96.9800
   96.9800
   96.9800
   96.9800
   96.9800
   97.1600
   97.1600
   97.1600
   97.1600
   97.1600
   97.3600
   97.3600
   97.3600
   97.3600
   97.3600
   97.3700
   97.3700
   97.3700
   97.3700
   97.3700
   97.4200
   97.4200
   97.4200
   97.4200
   97.4200
   97.5400
   97.5400
   97.5400
   97.5400
   97.5400
   97.6500
   97.6500
   97.6500
   97.6500
   97.6500
   97.6200
   97.6200
   97.6200
   97.6200
   97.6200
   97.7000
   97.7000
   97.7000
   97.7000
   97.7000
   97.7300
   97.7300
   97.7300
   97.7300
   97.7300
   97.7700
   97.7700
   97.7700
   97.7700
   97.7700
   97.9200
   97.9200
   97.9200
   97.9200
   97.9200
   97.8600
   97.8600
   97.8600
   97.8600
   97.8600
   97.8800
   97.8800
   97.8800
   97.8800
   97.8800
   98.0200
   98.0200
   98.0200
   98.0200
   98.0200
   98.0700
   98.0700
   98.0700
   98.0700
   98.0700
   98.0200
   98.0200
   98.0200
   98.0200
   98.0200
   98.0800
   98.0800
   98.0800
   98.0800
   98.0800
   98.0200
   98.0200
   98.0200
   98.0200
   98.0200
   98.0900
   98.0900
   98.0900
   98.0900
   98.0900
   98.1400
   98.1400
   98.1400
   98.1400
   98.1400
   98.1800
   98.1800
   98.1800
   98.1800
   98.1800
   98.2100
   98.2100
   98.2100
   98.2100
   98.2100
   98.2500
   98.2500
   98.2500
   98.2500
   98.2500
   98.2700
   98.2700
   98.2700
   98.2700
   98.2700
   98.2500
   98.2500
   98.2500
   98.2500
   98.2500
   98.3200
   98.3200
   98.3200
   98.3200
   98.3200
   98.3500
   98.3500
   98.3500
   98.3500
   98.3500
   98.3800
   98.3800
   98.3800
   98.3800
   98.3800
   98.3200
   98.3200
   98.3200
   98.3200
   98.3200
   98.3300
   98.3300
   98.3300
   98.3300
   98.3300
   98.3800
   98.3800
   98.3800
   98.3800
   98.3800
   98.4100
   98.4100
   98.4100
   98.4100
   98.4100
   98.4300
   98.4300
   98.4300
   98.4300
   98.4300
   98.4000
   98.4000
   98.4000
   98.4000
   98.4000
   98.4300
   98.4300
   98.4300
   98.4300
   98.4300
   98.4800
   98.4800
   98.4800
   98.4800
   98.4800
   98.4100
   98.4100
   98.4100
   98.4100
   98.4100
   98.4700
   98.4700
   98.4700
   98.4700
   98.4700
   98.5300
   98.5300
   98.5300
   98.5300
   98.5300
   98.5000
   98.5000
   98.5000
   98.5000
   98.5000
   98.5100
   98.5100
   98.5100
   98.5100
   98.5100
   98.5000
   98.5000
   98.5000
   98.5000
   98.5000
   98.4900
   98.4900
   98.4900
   98.4900
   98.4900
   98.6100
   98.6100
   98.6100
   98.6100
   98.6100
   98.5900
   98.5900
   98.5900
   98.5900
   98.5900
   98.5900
   98.5900
   98.5900
   98.5900
   98.5900
   98.6500
   98.6500
   98.6500
   98.6500
   98.6500
   98.6200
   98.6200
   98.6200
   98.6200
   98.6200
   98.5900
   98.5900
   98.5900
   98.5900
   98.5900
   98.6000
   98.6000
   98.6000
   98.6000
   98.6000
   98.6000
   98.6000
   98.6000
   98.6000
   98.6000
   98.6800
   98.6800
   98.6800
   98.6800
   98.6800
   98.6400
   98.6400
   98.6400
   98.6400
   98.6400
   98.7300
   98.7300
   98.7300
   98.7300
   98.7300
   98.7100
   98.7100
   98.7100
   98.7100
   98.7100
   98.6400
   98.6400
   98.6400
   98.6400
   98.6400
   98.6400
   98.6400
   98.6400
   98.6400
   98.6400
   98.7000
   98.7000
   98.7000
   98.7000
   98.7000
   98.6700
   98.6700
   98.6700
   98.6700
   98.6700
   98.7600
   98.7600
   98.7600
   98.7600
   98.7600
   98.7300
   98.7300
   98.7300
   98.7300
   98.7300
   98.7300
   98.7300
   98.7300
   98.7300
   98.7300
   98.7600
   98.7600
   98.7600
   98.7600
   98.7600
   98.7400
   98.7400
   98.7400
   98.7400
   98.7400
   98.7800
   98.7800
   98.7800
   98.7800
   98.7800
   98.7200
   98.7200
   98.7200
   98.7200
   98.7200
   98.7600
   98.7600
   98.7600
   98.7600
   98.7600
   98.7300
   98.7300
   98.7300
   98.7300
   98.7300
   98.7400
   98.7400
   98.7400
   98.7400
   98.7400
   98.7500
   98.7500
   98.7500
   98.7500
   98.7500
   98.7100
   98.7100
   98.7100
   98.7100
   98.7100
   98.7200
   98.7200
   98.7200
   98.7200
   98.7200
   98.7900
   98.7900
   98.7900
   98.7900
   98.7900
   98.7500
   98.7500
   98.7500
   98.7500
   98.7500
   98.7900
   98.7900
   98.7900
   98.7900
   98.7900
   98.7800
   98.7800
   98.7800
   98.7800
   98.7800
   98.8200
   98.8200
   98.8200
   98.8200
   98.8200
   98.7800
   98.7800
   98.7800
   98.7800
   98.7800
   98.7600
   98.7600
   98.7600
   98.7600
   98.7600
   98.7700
   98.7700
   98.7700
   98.7700
   98.7700
   98.7800
   98.7800
   98.7800
   98.7800
   98.7800
   98.7900
   98.7900
   98.7900
   98.7900
   98.7900
   98.8000
   98.8000
   98.8000
   98.8000
   98.8000
   98.7700
   98.7700
   98.7700
   98.7700
   98.7700
   98.8200
   98.8200
   98.8200
   98.8200
   98.8200
   98.8300
   98.8300
   98.8300
   98.8300
   98.8300
   98.8300
   98.8300
   98.8300
   98.8300
   98.8300
   98.8600
   98.8600
   98.8600
   98.8600
   98.8600
   98.7900
   98.7900
   98.7900
   98.7900
   98.7900
   98.8000
   98.8000
   98.8000
   98.8000
   98.8000
   98.7800
   98.7800
   98.7800
   98.7800
   98.7800
   98.8900
   98.8900
   98.8900
   98.8900
   98.8900
   98.7500
   98.7500
   98.7500
   98.7500
   98.7500
   98.8100
   98.8100
   98.8100
   98.8100
   98.8100
   98.8400
   98.8400
   98.8400
   98.8400
   98.8400
   98.8900
   98.8900
   98.8900
   98.8900
   98.8900
   98.8500
   98.8500
   98.8500
   98.8500
   98.8500
   98.8800
   98.8800
   98.8800
   98.8800
   98.8800
   98.8600
   98.8600
   98.8600
   98.8600
   98.8600
   98.9000
   98.9000
   98.9000
   98.9000
   98.9000
   98.9200
   98.9200
   98.9200
   98.9200
   98.9200
   98.8700
   98.8700
   98.8700
   98.8700
   98.8700
   98.8900
   98.8900
   98.8900
   98.8900
   98.8900
   98.9200
   98.9200
   98.9200
   98.9200
   98.9200
   98.9100
   98.9100
   98.9100
   98.9100
   98.9100
   98.9000
   98.9000
   98.9000
   98.9000
   98.9000
   98.9200
   98.9200
   98.9200
   98.9200
   98.9200
   98.8500
   98.8500
   98.8500
   98.8500
   98.8500
   98.9100
   98.9100
   98.9100
   98.9100
   98.9100
   98.8800
   98.8800
   98.8800
   98.8800
   98.8800
   98.8900
   98.8900
   98.8900
   98.8900
   98.8900
   98.9200
   98.9200
   98.9200
   98.9200
   98.9200
   98.8700
   98.8700
   98.8700
   98.8700
   98.8700
   98.8900
   98.8900
   98.8900
   98.8900
   98.8900
   98.9200
   98.9200
   98.9200
   98.9200
   98.9200
   98.9300
   98.9300
   98.9300
   98.9300
   98.9300
   98.9000
   98.9000
   98.9000
   98.9000
   98.9000
   98.9000
   98.9000
   98.9000
   98.9000
   98.9000
   98.9100
   98.9100
   98.9100
   98.9100
   98.9100
   98.8000
   98.8000
   98.8000
   98.8000
   98.8000
   98.8900
   98.8900
   98.8900
   98.8900
   98.8900
   98.9400
   98.9400
   98.9400
   98.9400
   98.9400
   98.9400
   98.9400
   98.9400
   98.9400
   98.9400
   98.9200
   98.9200
   98.9200
   98.9200
   98.9200
   98.9300
   98.9300
   98.9300
   98.9300
   98.9300
   98.9200
   98.9200
   98.9200
   98.9200
   98.9200
   98.9400
   98.9400
   98.9400
   98.9400
   98.9400
   98.9200
   98.9200
   98.9200
   98.9200
   98.9200
   98.9100
   98.9100
   98.9100
   98.9100
   98.9100
   98.9600
   98.9600
   98.9600
   98.9600
   98.9600
   98.8400
   98.8400
   98.8400
   98.8400
   98.8400
   98.9600
   98.9600
   98.9600
   98.9600
   98.9600
   98.9600
   98.9600
   98.9600
   98.9600
   98.9600
   98.9300
   98.9300
   98.9300
   98.9300
   98.9300
   98.9500
   98.9500
   98.9500
   98.9500
   98.9500
   98.9700
   98.9700
   98.9700
   98.9700
   98.9700
   98.9500
   98.9500
   98.9500
   98.9500
   98.9500
   98.9500
   98.9500
   98.9500
   98.9500
   98.9500
   98.9500
   98.9500
   98.9500
   98.9500
   98.9500
   99.0100
   99.0100
   99.0100
   99.0100
   99.0100
   98.9500
   98.9500
   98.9500
   98.9500
   98.9500
   98.9600
   98.9600
   98.9600
   98.9600
   98.9600
   99.0500
   99.0500
   99.0500
   99.0500
   99.0500
   98.9800
   98.9800
   98.9800
   98.9800
   98.9800
   98.9700
   98.9700
   98.9700
   98.9700
   98.9700
   98.9500
   98.9500
   98.9500
   98.9500
   98.9500
   98.9600
   98.9600
   98.9600
   98.9600
   98.9600
   98.9500
   98.9500
   98.9500
   98.9500
   98.9500
   98.9700
   98.9700
   98.9700
   98.9700
   98.9700
   99.0100
   99.0100
   99.0100
   99.0100
   99.0100
   99.0200
   99.0200
   99.0200
   99.0200
   99.0200
   98.9700
   98.9700
   98.9700
   98.9700
   98.9700
   98.9800
   98.9800
   98.9800
   98.9800
   98.9800
   98.9900
   98.9900
   98.9900
   98.9900
   98.9900
   98.9100
   98.9100
   98.9100
   98.9100
   98.9100
   98.9500
   98.9500
   98.9500
   98.9500
   98.9500
   98.9800
   98.9800
   98.9800
   98.9800
   98.9800
   98.9600
   98.9600
   98.9600
   98.9600
   98.9600
   98.9400
   98.9400
   98.9400
   98.9400
   98.9400
   98.9900
   98.9900
   98.9900
   98.9900
   98.9900
   98.9300
   98.9300
   98.9300
   98.9300
   98.9300
   98.9900
   98.9900
   98.9900
   98.9900
   98.9900
   99.0300
   99.0300
   99.0300
   99.0300
   99.0300
   99.0100
   99.0100
   99.0100
   99.0100
   99.0100
   99.0200
   99.0200
   99.0200
   99.0200
   99.0200
   98.9800
   98.9800
   98.9800
   98.9800
   98.9800
   99.0200
   99.0200
   99.0200
   99.0200
   99.0200
   98.9700
   98.9700
   98.9700
   98.9700
   98.9700
   98.9600
   98.9600
   98.9600
   98.9600
   98.9600
   98.9600
   98.9600
   98.9600
   98.9600
   98.9600
   98.9600
   98.9600
   98.9600
   98.9600
   98.9600
   98.9500
   98.9500
   98.9500
   98.9500
   98.9500
   99.0000
   99.0000
   99.0000
   99.0000
   99.0000
   99.0300
   99.0300
   99.0300
   99.0300
   99.0300
   99.0300
   99.0300
   99.0300
   99.0300
   99.0300
   99.0200
   99.0200
   99.0200
   99.0200
   99.0200
   99.0900
   99.0900
   99.0900
   99.0900
   99.0900
   98.9400
   98.9400
   98.9400
   98.9400
   98.9400
   99.0100
   99.0100
   99.0100
   99.0100
   99.0100
   99.0000
   99.0000
   99.0000
   99.0000
   99.0000
   99.0100
   99.0100
   99.0100
   99.0100
   99.0100
   99.0000
   99.0000
   99.0000
   99.0000
   99.0000
   99.0400
   99.0400
   99.0400
   99.0400
   99.0400
   99.0100
   99.0100
   99.0100
   99.0100
   99.0100
   99.0300
   99.0300
   99.0300
   99.0300
   99.0300
   99.0000
   99.0000
   99.0000
   99.0000
   99.0000
   99.0400
   99.0400
   99.0400
   99.0400
   99.0400
   99.0200
   99.0200
   99.0200
   99.0200
   99.0200
   99.0300
   99.0300
   99.0300
   99.0300
   99.0300