   49.0400
   49.0400
   65.5000
   65.5000
   79.1900
   79.1900
   83.4100
   83.4100
   86.2800
   86.2800
   88.4400
   88.4400
   89.8000
   89.8000
   90.5400
   90.5400
   91.2600
   91.2600
   92.0400
   92.0400
   92.4200
   92.4200
   92.9100
   92.9100
   93.2200
   93.2200
   93.7200
   93.7200
   93.8400
   93.8400
   94.2100
   94.2100
   94.3200
   94.3200
   94.4700
   94.4700
   94.6800
   94.6800
   94.8800
   94.8800
   94.8800
   94.8800
   95.1900
   95.1900
   95.2400
   95.2400
   95.3800
   95.3800
   95.5500
   95.5500
   95.5800
   95.5800
   95.7800
   95.7800
   95.8700
   95.8700
   95.9700
   95.9700
   96.1300
   96.1300
   96.1400
   96.1400
   96.1900
   96.1900
   96.3600
   96.3600
   96.3400
   96.3400
   96.4600
   96.4600
   96.4000
   96.4000
   96.4700
   96.4700
   96.5700
   96.5700
   96.5200
   96.5200
   96.6000
   96.6000
   96.6300
   96.6300
   96.7300
   96.7300
   96.6700
   96.6700
   96.7000
   96.7000
   96.7800
   96.7800
   96.8500
   96.8500
   96.9600
   96.9600
   96.9700
   96.9700
   96.9600
   96.9600
   96.9700
   96.9700
   96.9600
   96.9600
   97.1300
   97.1300
   97.1100
   97.1100
   97.1200
   97.1200
   97.0800
   97.0800
   97.1600
   97.1600
   97.3000
   97.3000
   97.2200
   97.2200
   97.2700
   97.2700
   97.2600
   97.2600
   97.2400
   97.2400
   97.3200
   97.3200
   97.3200
   97.3200
   97.3000
   97.3000
   97.3300
   97.3300
   97.3900
   97.3900
   97.3800
   97.3800
   97.4300
   97.4300
   97.4400
   97.4400
   97.3800
   97.3800
   97.6300
   97.6300
   97.5600
   97.5600
   97.5300
   97.5300
   97.4900
   97.4900
   97.5300
   97.5300
   97.6000
   97.6000
   97.5900
   97.5900
   97.6100
   97.6100
   97.6400
   97.6400
   97.6900
   97.6900
   97.7300
   97.7300
   97.7100
   97.7100
   97.6800
   97.6800
   97.8000
   97.8000
   97.7700
   97.7700
   97.7000
   97.7000
   97.7800
   97.7800
   97.7500
   97.7500
   97.8200
   97.8200
   97.8300
   97.8300
   97.8400
   97.8400
   97.8300
   97.8300
   97.8800
   97.8800
   97.8200
   97.8200
   97.8000
   97.8000
   97.8500
   97.8500
   97.8900
   97.8900
   97.8400
   97.8400
   97.8800
   97.8800
   97.8800
   97.8800
   97.9700
   97.9700
   97.9500
   97.9500
   97.9400
   97.9400
   97.9500
   97.9500
   97.9700
   97.9700
   97.8800
   97.8800
   97.9000
   97.9000
   97.9400
   97.9400
   97.9500
   97.9500
   97.9900
   97.9900
   97.9700
   97.9700
   98.0200
   98.0200
   98.0000
   98.0000
   97.9300
   97.9300
   97.9800
   97.9800
   98.0700
   98.0700
   97.9900
   97.9900
   98.0200
   98.0200
   98.0100
   98.0100
   98.0800
   98.0800
   98.1300
   98.1300
   98.1000
   98.1000
   98.1200
   98.1200
   98.0600
   98.0600
   98.0800
   98.0800
   98.1800
   98.1800
   98.1700
   98.1700
   98.1000
   98.1000
   98.1000
   98.1000
   98.1000
   98.1000
   98.1400
   98.1400
   98.1300
   98.1300
   98.0600
   98.0600
   98.1400
   98.1400
   98.1400
   98.1400
   98.1300
   98.1300
   98.0700
   98.0700
   98.1300
   98.1300
   98.1500
   98.1500
   98.1500
   98.1500
   98.2200
   98.2200
   98.1500
   98.1500
   98.1800
   98.1800
   98.1800
   98.1800
   98.1600
   98.1600
   98.1600
   98.1600
   98.1500
   98.1500
   98.1900
   98.1900
   98.2300
   98.2300
   98.3400
   98.3400
   98.2900
   98.2900
   98.3000
   98.3000
   98.3000
   98.3000
   98.2700
   98.2700
   98.3000
   98.3000
   98.3400
   98.3400
   98.3000
   98.3000
   98.2300
   98.2300
   98.2400
   98.2400
   98.3200
   98.3200
   98.2600
   98.2600
   98.2900
   98.2900
   98.3200
   98.3200
   98.2900
   98.2900
   98.3300
   98.3300
   98.3800
   98.3800
   98.2600
   98.2600
   98.3000
   98.3000
   98.3400
   98.3400
   98.2900
   98.2900
   98.3600
   98.3600
   98.3400
   98.3400
   98.3400
   98.3400
   98.3700
   98.3700
   98.4100
   98.4100
   98.3300
   98.3300
   98.3600
   98.3600
   98.4000
   98.4000
   98.4200
   98.4200
   98.4100
   98.4100
   98.4000
   98.4000
   98.4000
   98.4000
   98.4400
   98.4400
   98.4700
   98.4700
   98.4500
   98.4500
   98.4400
   98.4400
   98.5000
   98.5000
   98.3900
   98.3900
   98.4900
   98.4900
   98.5400
   98.5400
   98.4900
   98.4900
   98.4300
   98.4300
   98.5400
   98.5400
   98.4800
   98.4800
   98.4600
   98.4600
   98.5000
   98.5000
   98.4800
   98.4800
   98.5700
   98.5700
   98.4800
   98.4800
   98.5100
   98.5100
   98.5800
   98.5800
   98.5700
   98.5700
   98.4800
   98.4800
   98.4900
   98.4900
   98.5700
   98.5700
   98.4600
   98.4600
   98.4700
   98.4700
   98.4600
   98.4600
   98.4700
   98.4700
   98.5600
   98.5600
   98.5400
   98.5400
   98.4800
   98.4800
   98.5800
   98.5800
   98.5600
   98.5600
   98.5700
   98.5700
   98.5900
   98.5900
   98.4900
   98.4900
   98.5800
   98.5800
   98.5000
   98.5000
   98.4800
   98.4800
   98.5100
   98.5100
   98.5400
   98.5400
   98.5400
   98.5400
   98.5400
   98.5400
   98.6000
   98.6000
   98.5800
   98.5800
   98.5100
   98.5100
   98.5400
   98.5400
   98.5700
   98.5700
   98.5400
   98.5400
   98.5000
   98.5000
   98.5200
   98.5200
   98.5500
   98.5500
   98.6700
   98.6700
   98.5500
   98.5500
   98.5500
   98.5500
   98.6100
   98.6100
   98.6200
   98.6200
   98.6000
   98.6000
   98.6700
   98.6700
   98.5900
   98.5900
   98.6300
   98.6300
   98.6500
   98.6500
   98.6300
   98.6300
   98.6000
   98.6000
   98.6000
   98.6000
   98.5300
   98.5300
   98.6500
   98.6500
   98.7000
   98.7000
   98.6300
   98.6300
   98.6900
   98.6900
   98.6400
   98.6400
   98.6600
   98.6600
   98.6900
   98.6900
   98.6300
   98.6300
   98.6500
   98.6500
   98.6400
   98.6400
   98.6500
   98.6500
   98.6400
   98.6400
   98.6000
   98.6000
   98.6500
   98.6500
   98.6000
   98.6000
   98.5700
   98.5700
   98.6200
   98.6200
   98.6700
   98.6700
   98.7000
   98.7000
   98.6900
   98.6900
   98.6800
   98.6800
   98.6800
   98.6800
   98.7600
   98.7600
   98.7200
   98.7200
   98.7100
   98.7100
   98.6800
   98.6800
   98.7100
   98.7100
   98.7400
   98.7400
   98.6300
   98.6300
   98.7000
   98.7000
   98.7000
   98.7000
   98.5400
   98.5400
   98.6600
   98.6600
   98.7000
   98.7000
   98.6900
   98.6900
   98.6800
   98.6800
   98.7100
   98.7100
   98.7100
   98.7100
   98.7300
   98.7300
   98.7800
   98.7800
   98.6800
   98.6800
   98.6700
   98.6700
   98.7700
   98.7700
   98.6800
   98.6800
   98.7200
   98.7200
   98.6900
   98.6900
   98.7100
   98.7100
   98.7200
   98.7200
   98.6800
   98.6800
   98.7700
   98.7700
   98.7500
   98.7500
   98.7500
   98.7500
   98.6400
   98.6400
   98.7800
   98.7800
   98.7800
   98.7800
   98.7300
   98.7300
   98.7600
   98.7600
   98.7800
   98.7800
   98.6700
   98.6700
   98.6800
   98.6800
   98.7100
   98.7100
   98.7400
   98.7400
   98.7400
   98.7400
   98.6600
   98.6600
   98.6900
   98.6900
   98.7900
   98.7900
   98.7200
   98.7200
   98.7000
   98.7000
   98.7300
   98.7300
   98.7400
   98.7400
   98.7500
   98.7500
   98.7100
   98.7100
   98.7500
   98.7500
   98.7900
   98.7900
   98.8000
   98.8000
   98.7100
   98.7100
   98.8000
   98.8000
   98.7300
   98.7300
   98.7300
   98.7300
   98.7600
   98.7600
   98.7500
   98.7500
   98.7100
   98.7100
   98.7900
   98.7900
   98.7800
   98.7800
   98.7800
   98.7800
   98.7700
   98.7700
   98.8400
   98.8400
   98.7300
   98.7300
   98.7600
   98.7600
   98.7300
   98.7300
   98.7100
   98.7100
   98.7600
   98.7600
   98.7900
   98.7900
   98.7900
   98.7900
   98.8400
   98.8400
   98.7900
   98.7900
   98.6800
   98.6800
   98.7400
   98.7400
   98.7400
   98.7400
   98.8200
   98.8200
   98.8000
   98.8000
   98.6900
   98.6900
   98.8200
   98.8200
   98.7800
   98.7800
   98.7700
   98.7700
   98.7700
   98.7700
   98.7700
   98.7700
   98.8400
   98.8400
   98.7900
   98.7900
   98.8500
   98.8500
   98.8400
   98.8400
   98.8400
   98.8400
   98.8100
   98.8100
   98.8600
   98.8600
   98.8300
   98.8300
   98.8700
   98.8700
   98.8000
   98.8000
   98.8200
   98.8200
   98.8100
   98.8100
   98.7600
   98.7600
   98.7700
   98.7700
   98.7600
   98.7600
   98.8500
   98.8500
   98.8700
   98.8700
   98.8200
   98.8200
   98.9200
   98.9200
   98.8200
   98.8200
   98.8000
   98.8000
   98.8400
   98.8400
   98.7800
   98.7800
   98.7900
   98.7900
   98.8700
   98.8700
   98.8300
   98.8300
   98.7600
   98.7600
   98.8500
   98.8500
   98.7500
   98.7500
   98.8200
   98.8200
   98.8200
   98.8200
   98.7900
   98.7900
   98.8400
   98.8400
   98.8800
   98.8800
   98.8600
   98.8600
   98.9100
   98.9100
   98.8700
   98.8700
   98.9200
   98.9200
   98.9100
   98.9100
   98.9000
   98.9000
   98.9000
   98.9000
   98.9300
   98.9300
   98.8300
   98.8300
   98.9400
   98.9400
   98.9400
   98.9400
   98.9100
   98.9100
   98.8600
   98.8600
   98.9200
   98.9200
   98.8400
   98.8400
   98.9200
   98.9200
   98.7900
   98.7900
   98.9300
   98.9300
   98.9000
   98.9000
   98.8200
   98.8200
   98.8700
   98.8700
   98.8600
   98.8600
   98.9700
   98.9700
   98.9100
   98.9100
   98.9100
   98.9100
   98.8800
   98.8800
   98.9300
   98.9300
   98.9700
   98.9700
   98.9900
   98.9900
   98.9900
   98.9900
   98.9300
   98.9300
   98.9100
   98.9100
   98.9100
   98.9100
   98.8700
   98.8700
   98.8900
   98.8900
   98.9500
   98.9500
   98.9600
   98.9600
   98.9400
   98.9400
   98.9900
   98.9900
   98.9000
   98.9000
   98.9100
   98.9100
   98.8300
   98.8300
   98.9300
   98.9300
   98.9400
   98.9400
   98.9200
   98.9200
   98.9100
   98.9100
   98.9100
   98.9100
   98.9300
   98.9300
   98.9000
   98.9000
   99.0000
   99.0000
   98.9800
   98.9800
   98.9300
   98.9300
   98.9000
   98.9000
   98.9500
   98.9500
   98.9400
   98.9400
   98.9400
   98.9400
   98.9500
   98.9500
   98.9500
   98.9500
   98.9300
   98.9300
   98.9000
   98.9000
   98.9500
   98.9500
   98.9200
   98.9200
   98.9400
   98.9400
   98.9600
   98.9600
   98.9400
   98.9400
   98.9200
   98.9200
   98.8700
   98.8700
   98.9400
   98.9400
   98.8700
   98.8700
   98.9600
   98.9600
   98.9300
   98.9300
   98.8900
   98.8900
   98.8700
   98.8700
   98.9000
   98.9000
   98.9700
   98.9700
   98.8800
   98.8800
   98.9400
   98.9400
   98.8900
   98.8900
   98.9400
   98.9400
   98.9200
   98.9200
   98.8700
   98.8700
   98.9100
   98.9100
   98.8600
   98.8600
   98.8700
   98.8700
   98.9100
   98.9100
   98.9200
   98.9200
   98.8800
   98.8800
   98.9100
   98.9100
   98.9300
   98.9300
   98.8900
   98.8900
   98.9100
   98.9100
   98.9300
   98.9300
   98.9000
   98.9000
   98.9700
   98.9700
   98.9900
   98.9900
   98.9600
   98.9600
   98.9600
   98.9600
   99.0000
   99.0000
   98.9700
   98.9700
   98.9900
   98.9900
   98.9800
   98.9800
   98.8900
   98.8900
   99.0000
   99.0000
   98.8900
   98.8900
   98.9700
   98.9700
   98.9900
   98.9900
   98.9400
   98.9400
   98.9200
   98.9200
   98.9600
   98.9600
   98.9700
   98.9700
   98.9700
   98.9700
   98.9300
   98.9300