   10.8400
   13.4800
   14.6000
   16.4300
   17.4100
   19.2000
   21.2600
   23.8700
   26.4500
   28.3000
   30.4600
   35.1200
   38.9500
   43.1300
   47.9800
   52.2500
   54.0200
   57.1300
   59.8400
   63.3700
   65.8000
   67.1600
   68.0400
   70.1500
   71.6400
   72.3000
   72.5500
   72.9100
   73.0600
   73.6600
   73.9200
   75.3100
   75.6500
   76.1200
   77.2400
   78.4400
   78.7200
   79.1500
   79.6800
   80.1600
   80.9400
   80.9400
   81.6800
   82.4600
   82.6400
   82.8100
   83.2500
   83.6800
   84.1800
   84.3600
   84.9500
   85.1900
   85.4200
   85.5100
   85.9700
   86.2900
   86.4200
   86.5400
   86.7900
   86.9900
   87.2400
   87.1300
   87.4200
   87.6200
   87.5500
   87.9800
   88.0500
   88.1800
   88.2000
   88.5100
   88.5200
   88.8000
   88.6500
   88.9300
   89.0000
   88.9400
   89.2000
   89.3700
   89.5700
   89.5200
   89.6500
   89.8100
   89.9400
   89.9700
   90.2300
   90.2300
   90.2000
   90.2300
   90.4200
   90.5000
   90.5100
   90.6100
   90.6200
   90.8800
   90.8500
   90.7900
   90.8700
   90.9000
   91.0200
   91.0400
   90.9300
   91.0400
   91.2300
   91.1200
   91.4500
   91.3000
   91.4200
   91.3300
   91.6500
   91.6600
   91.7400
   91.8100
   91.6100
   91.8000
   91.9200
   92.0100
   91.9800
   92.0300
   92.0600
   92.0700
   92.0800
   92.3000
   92.3100
   92.2300
   92.2900
   92.4100
   92.3400
   92.3400
   92.4300
   92.4000
   92.5900
   92.5000
   92.4800
   92.6300
   92.6000
   92.7100
   92.7200
   92.6800
   92.7900
   92.7100
   92.8500
   92.8000
   92.9100
   92.9000
   92.8900
   93.0500
   92.9900
   93.0000
   93.0400
   93.0100
   93.0800
   93.1800
   93.2300
   93.2200
   93.3100
   93.1900
   93.2400
   93.2100
   93.2900
   93.3800
   93.3300
   93.4000
   93.5400
   93.4700
   93.4700
   93.5100
   93.4500
   93.6000
   93.5500
   93.5400
   93.6400
   93.5900
   93.6200
   93.6100
   93.5700
   93.6500
   93.6900
   93.7600
   93.7300
   93.6900
   93.8100
   93.8000
   93.8300
   93.9300
   93.9800
   93.9100
   93.9300
   93.9000
   93.9700
   94.0000
   94.0300
   94.0200
   93.9900
   94.0600
   94.1600
   94.1700
   94.1800
   94.2200
   94.1500
   94.1900
   94.1300
   94.3000
   94.2000
   94.2900
   94.3000
   94.2100
   94.2600
   94.3400
   94.3500
   94.3800
   94.4300
   94.3600
   94.4400
   94.3700
   94.5200
   94.3800
   94.4500
   94.4800
   94.5700
   94.5800
   94.5700
   94.5600
   94.5000
   94.6000
   94.6200
   94.6300
   94.5400
   94.6300
   94.7300
   94.6600
   94.6500
   94.7200
   94.7900
   94.6600
   94.7000
   94.7500
   94.7600
   94.7300
   94.7700
   94.8200
   94.8600
   94.7800
   94.8200
   94.8800
   94.7900
   94.9300
   94.9300
   94.8600
   94.9100
   94.9500
   94.9100
   94.9300
   94.9200
   94.9800
   94.9500
   95.0000
   95.1000
   94.9700
   95.0100
   95.0200
   94.9700
   95.0600
   95.0700
   95.1200
   95.0800
   95.0700
   95.1400
   95.2000
   95.1200
   95.1800
   95.2100
   95.1000
   95.1000
   95.2300
   95.1400
   95.2100
   95.1600
   95.2000
   95.1800
   95.1400
   95.2000
   95.1200
   95.2000
   95.2600
   95.2200
   95.2700
   95.2500
   95.2300
   95.2800
   95.3200
   95.3400
   95.3500
   95.3800
   95.3200
   95.3100
   95.3400
   95.3400
   95.3600
   95.3900
   95.4100
   95.3700
   95.3700
   95.4000
   95.3500
   95.3900
   95.3900
   95.4100
   95.4200
   95.4300
   95.4400
   95.4400
   95.4300
   95.4900
   95.4300
   95.4600
   95.4800
   95.4600
   95.5100
   95.5100
   95.5000
   95.5400
   95.5700
   95.5400
   95.5700
   95.5400
   95.5300
   95.5500
   95.6000
   95.5600
   95.5900
   95.6400
   95.6300
   95.6500
   95.6500
   95.6000
   95.6400
   95.6100
   95.6800
   95.6800
   95.6400
   95.6300
   95.7100
   95.6500
   95.7100
   95.7800
   95.7300
   95.7000
   95.7300
   95.6700
   95.7000
   95.7000
   95.7700
   95.8400
   95.8200
   95.7700
   95.8400
   95.7800
   95.8300
   95.8600
   95.9100
   95.8500
   95.8300
   95.8500
   95.8100
   95.8400
   95.8500
   95.8400
   95.9200
   95.8300
   95.9000
   95.9100
   95.9900
   95.9100
   95.8400
   95.8800
   95.9200
   96.0000
   95.9400
   95.9400
   95.9100
   95.9800
   96.0100
   95.9400
   95.9400
   95.9500
   96.0200
   95.9900
   96.0000
   95.9800
   96.0000
   96.0100
   96.0500
   96.0700
   96.0700
   96.0300
   96.0900
   96.0500
   96.0700
   96.1700
   96.1500
   96.0400
   96.0400
   96.1000
   96.0900
   96.1000
   96.1200
   96.1500
   96.1200
   96.1300
   96.1200
   96.1800
   96.1600
   96.1600
   96.1500
   96.1700
   96.1200
   96.1400
   96.1300
   96.2300
   96.1600
   96.1800
   96.2000
   96.1500
   96.2100
   96.2500
   96.2100
   96.1600
   96.2400
   96.1600
   96.2200
   96.1600
   96.2600
   96.3000
   96.2500
   96.2400
   96.2100
   96.2300
   96.3000
   96.2300
   96.2600
   96.2500
   96.2500
   96.2300
   96.2500
   96.2600
   96.2600
   96.2800
   96.2500
   96.2400
   96.2500
   96.3000
   96.2500
   96.3100
   96.2300
   96.2500
   96.3200
   96.2900
   96.2900
   96.3500
   96.3200
   96.3800
   96.3300
   96.3500
   96.2700
   96.3100
   96.3100
   96.3300
   96.3600
   96.4100
   96.3600
   96.3600
   96.3800
   96.3800
   96.3700
   96.3800
   96.3300
   96.4000
   96.3400
   96.4300
   96.4100
   96.3500
   96.4000
   96.3900
   96.4100
   96.3400
   96.4100
   96.3500
   96.4000
   96.3700
   96.4400
   96.3900
   96.4200
   96.3700
   96.4300
   96.4300
   96.4500
   96.4200
   96.4700
   96.4500
   96.4500
   96.4800
   96.4300
   96.4600
   96.4800
   96.4700
   96.4900
   96.4800
   96.4700
   96.4800
   96.5400
   96.5300
   96.5200
   96.5200
   96.5600
   96.5500
   96.4900
   96.5300
   96.4800
   96.4400
   96.5500
   96.5600
   96.5300
   96.5000
   96.5300
   96.5100
   96.4800
   96.5300
   96.5600
   96.6300
   96.5500
   96.5400
   96.6000
   96.6100
   96.5500
   96.6200
   96.5800
   96.6400
   96.5100
   96.5800
   96.6300
   96.5900
   96.6000
   96.5900
   96.6300
   96.7000
   96.6500
   96.6100
   96.6300
   96.6300
   96.5700
   96.6200
   96.6300
   96.6300
   96.7200
   96.5900
   96.6600
   96.7000
   96.7500
   96.6700
   96.6700
   96.6800
   96.7400
   96.6100
   96.6300
   96.6900
   96.7100
   96.7200
   96.7900
   96.7400
   96.7500
   96.6900
   96.7600
   96.7700
   96.7900
   96.7400
   96.7500
   96.7500
   96.7500
   96.7800
   96.7400
   96.7700
   96.8000
   96.8000
   96.8400
   96.8400
   96.8100
   96.8300
   96.8100
   96.7500
   96.8200
   96.8500
   96.7700
   96.7500
   96.7900
   96.8100
   96.8600
   96.8000
   96.7800
   96.8300
   96.8300
   96.8900
   96.8400
   96.8900
   96.8300
   96.8100
   96.8400
   96.8500
   96.9400
   96.8900
   96.9400
   96.9200
   96.9100
   96.9300
   96.8600
   96.8900
   96.8800
   96.8500
   96.8400
   96.8900
   96.8300
   96.8700
   96.8400
   96.8400
   96.9500
   96.9100
   96.8700
   96.8600
   96.8400
   96.8400
   96.8600
   96.8500
   96.9200
   97.0100
   96.9700
   96.9500
   96.9300
   97.0400
   96.9400
   96.9400
   96.9100
   96.9800
   96.9600
   96.9800
   96.9400
   96.9400
   96.9500
   96.9000
   96.9400
   97.0300
   96.9300
   97.0000
   97.0000
   96.9400
   96.9400
   97.0200
   96.9700
   97.0100
   97.0000
   97.0000
   97.0400
   97.0000
   97.0500
   97.0400
   97.0400
   97.0400
   97.0000
   96.9700
   97.0700
   97.0000
   97.0000
   97.0200
   96.9600
   97.0400
   97.0200
   96.9600
   97.0600
   97.0800
   97.0800
   97.0600
   97.0700
   97.0600
   97.0600
   97.1200
   97.1300
   97.1000
   96.9800
   97.0100
   97.1200
   97.1400
   97.0800
   97.0700
   97.0600
   97.1000
   97.0300
   97.0700
   97.1300
   97.1400
   97.1800
   97.1200
   97.1300
   97.1500
   97.1600
   97.1900
   97.1600
   97.1400
   97.2200
   97.1200
   97.0800
   97.0200
   97.1000
   97.1900
   97.1100
   97.1800
   97.1700
   97.1500
   97.2000
   97.1500
   97.1100
   97.1500
   97.1900
   97.1400
   97.1300
   97.2000
   97.1900
   97.1900
   97.1400
   97.2100
   97.1800
   97.1700
   97.2100
   97.1000
   97.1600
   97.1700
   97.2600
   97.1900
   97.1900
   97.2100
   97.2000
   97.2400
   97.2300
   97.2100
   97.1900
   97.2100
   97.2500
   97.2500
   97.2300
   97.2300
   97.2400
   97.2800
   97.1900
   97.1900
   97.2200
   97.2700
   97.2600
   97.2600
   97.2000
   97.2200
   97.2600
   97.2400
   97.2700
   97.2400
   97.2600
   97.2800
   97.2000
   97.2400
   97.2500
   97.2600
   97.2200
   97.2300
   97.2200
   97.3100
   97.2800
   97.2900
   97.2600
   97.3100
   97.3400
   97.3600
   97.3100
   97.3700
   97.3400
   97.3000
   97.3000
   97.3000
   97.3100
   97.2800
   97.3200
   97.3300
   97.3200
   97.3400
   97.3700
   97.3700
   97.3500
   97.3600
   97.4000
   97.3600
   97.3300
   97.3600
   97.3800
   97.4200
   97.3400
   97.3700
   97.4200
   97.3600
   97.4500
   97.4100
   97.4500
   97.4300
   97.3600
   97.4000
   97.3200
   97.3300
   97.3800
   97.4300
   97.3900
   97.3700
   97.4200
   97.3500
   97.3800
   97.4100
   97.3800
   97.4000
   97.3800
   97.3700
   97.3800
   97.4400
   97.4300
   97.4500
   97.3900
   97.4600
   97.4200
   97.4800
   97.4700
   97.5500
   97.4900
   97.4900
   97.5000
   97.4200
   97.4500
   97.5000
   97.4800
   97.5100
   97.4700
   97.4800
   97.4500
   97.4600
   97.4500
   97.5000
   97.5100
   97.4900
   97.5000
   97.5100
   97.5000
   97.5200
   97.5000
   97.5000
   97.4700
   97.5400
   97.5100
   97.4900
   97.4500
   97.5000
   97.5300
   97.5600
   97.4800
   97.4200
   97.5100
   97.5700
   97.5000
   97.4800
   97.4700
   97.5600
   97.5200
   97.5000
   97.5200
   97.4600
   97.5000
   97.5400
   97.5500
   97.5600
   97.5200
   97.5300
   97.5400
   97.5300
   97.5600
   97.5300
   97.5500
   97.4800
   97.4900
   97.5100
   97.6100
   97.6200
   97.5400
   97.6200
   97.5600
   97.6000
   97.5500
   97.5700
   97.5300
   97.5600
   97.5800
   97.5500
   97.5800
   97.5700
   97.6200
   97.6300
   97.6500
   97.6100
   97.6100
   97.5700
   97.6300
   97.6200
   97.5900
   97.6000
   97.6400
   97.5800
   97.5600
   97.5900
   97.5800
   97.6000
   97.6000
   97.6600
   97.6200
   97.6400
   97.6500
   97.6500
   97.6200
   97.6200
   97.7000
   97.6100
   97.5700
   97.6000
   97.6100
   97.6500
   97.6500
   97.6700
   97.6800
   97.6500
   97.6400
   97.6600
   97.6300
   97.6800
   97.6700
   97.6300
   97.6700
   97.7100
   97.6800
   97.6800
   97.6700
   97.6000
   97.6500
   97.6300
   97.6400
   97.6400
   97.6700
   97.6600
   97.7300
   97.7000
   97.7200
   97.7100
   97.6900
   97.7100
   97.6600
   97.6600
   97.6200
   97.7100
   97.6500
   97.7500
   97.6600
   97.6600
   97.7300
   97.7400
   97.6700
   97.7700
   97.7200
   97.7500
   97.7800
   97.7900
   97.7200
   97.7300
   97.7500
   97.7500
   97.7500
   97.7600
   97.6800
   97.6700
   97.7100
   97.7800
   97.7100
   97.7600
   97.7300
   97.7500
   97.7600
   97.7700
   97.7700
   97.7500
   97.7700
   97.7500
   97.7400
   97.6900
   97.7500