   20.8000
   20.8000
   20.8000
   20.8000
   20.8000
   33.1500
   33.1500
   33.1500
   33.1500
   33.1500
   40.5600
   40.5600
   40.5600
   40.5600
   40.5600
   42.7400
   42.7400
   42.7400
   42.7400
   42.7400
   50.6000
   50.6000
   50.6000
   50.6000
   50.6000
   66.2400
   66.2400
   66.2400
   66.2400
   66.2400
   75.8000
   75.8000
   75.8000
   75.8000
   75.8000
   81.0100
   81.0100
   81.0100
   81.0100
   81.0100
   83.4200
   83.4200
   83.4200
   83.4200
   83.4200
   85.3600
   85.3600
   85.3600
   85.3600
   85.3600
   86.5400
   86.5400
   86.5400
   86.5400
   86.5400
   87.3600
   87.3600
   87.3600
   87.3600
   87.3600
   88.6300
   88.6300
   88.6300
   88.6300
   88.6300
   89.1400
   89.1400
   89.1400
   89.1400
   89.1400
   89.7600
   89.7600
   89.7600
   89.7600
   89.7600
   90.2800
   90.2800
   90.2800
   90.2800
   90.2800
   90.4200
   90.4200
   90.4200
   90.4200
   90.4200
   90.9600
   90.9600
   90.9600
   90.9600
   90.9600
   91.1800
   91.1800
   91.1800
   91.1800
   91.1800
   91.6500
   91.6500
   91.6500
   91.6500
   91.6500
   91.9500
   91.9500
   91.9500
   91.9500
   91.9500
   92.1100
   92.1100
   92.1100
   92.1100
   92.1100
   92.2600
   92.2600
   92.2600
   92.2600
   92.2600
   92.4000
   92.4000
   92.4000
   92.4000
   92.4000
   92.5500
   92.5500
   92.5500
   92.5500
   92.5500
   92.7900
   92.7900
   92.7900
   92.7900
   92.7900
   92.9200
   92.9200
   92.9200
   92.9200
   92.9200
   93.0500
   93.0500
   93.0500
   93.0500
   93.0500
   93.2300
   93.2300
   93.2300
   93.2300
   93.2300
   93.3600
   93.3600
   93.3600
   93.3600
   93.3600
   93.3500
   93.3500
   93.3500
   93.3500
   93.3500
   93.5300
   93.5300
   93.5300
   93.5300
   93.5300
   93.5900
   93.5900
   93.5900
   93.5900
   93.5900
   93.6700
   93.6700
   93.6700
   93.6700
   93.6700
   93.9400
   93.9400
   93.9400
   93.9400
   93.9400
   93.9500
   93.9500
   93.9500
   93.9500
   93.9500
   94.0900
   94.0900
   94.0900
   94.0900
   94.0900
   94.1500
   94.1500
   94.1500
   94.1500
   94.1500
   94.2300
   94.2300
   94.2300
   94.2300
   94.2300
   94.3800
   94.3800
   94.3800
   94.3800
   94.3800
   94.5300
   94.5300
   94.5300
   94.5300
   94.5300
   94.5700
   94.5700
   94.5700
   94.5700
   94.5700
   94.6000
   94.6000
   94.6000
   94.6000
   94.6000
   94.7200
   94.7200
   94.7200
   94.7200
   94.7200
   94.8600
   94.8600
   94.8600
   94.8600
   94.8600
   94.8500
   94.8500
   94.8500
   94.8500
   94.8500
   95.0000
   95.0000
   95.0000
   95.0000
   95.0000
   95.0600
   95.0600
   95.0600
   95.0600
   95.0600
   95.1400
   95.1400
   95.1400
   95.1400
   95.1400
   95.2600
   95.2600
   95.2600
   95.2600
   95.2600
   95.2800
   95.2800
   95.2800
   95.2800
   95.2800
   95.3300
   95.3300
   95.3300
   95.3300
   95.3300
   95.4500
   95.4500
   95.4500
   95.4500
   95.4500
   95.4700
   95.4700
   95.4700
   95.4700
   95.4700
   95.5200
   95.5200
   95.5200
   95.5200
   95.5200
   95.5500
   95.5500
   95.5500
   95.5500
   95.5500
   95.6500
   95.6500
   95.6500
   95.6500
   95.6500
   95.7600
   95.7600
   95.7600
   95.7600
   95.7600
   95.7400
   95.7400
   95.7400
   95.7400
   95.7400
   95.6900
   95.6900
   95.6900
   95.6900
   95.6900
   95.8600
   95.8600
   95.8600
   95.8600
   95.8600
   95.8800
   95.8800
   95.8800
   95.8800
   95.8800
   95.9300
   95.9300
   95.9300
   95.9300
   95.9300
   95.9700
   95.9700
   95.9700
   95.9700
   95.9700
   96.0200
   96.0200
   96.0200
   96.0200
   96.0200
   96.0800
   96.0800
   96.0800
   96.0800
   96.0800
   96.1800
   96.1800
   96.1800
   96.1800
   96.1800
   96.1600
   96.1600
   96.1600
   96.1600
   96.1600
   96.1800
   96.1800
   96.1800
   96.1800
   96.1800
   96.2100
   96.2100
   96.2100
   96.2100
   96.2100
   96.2900
   96.2900
   96.2900
   96.2900
   96.2900
   96.2800
   96.2800
   96.2800
   96.2800
   96.2800
   96.3100
   96.3100
   96.3100
   96.3100
   96.3100
   96.3800
   96.3800
   96.3800
   96.3800
   96.3800
   96.4700
   96.4700
   96.4700
   96.4700
   96.4700
   96.5000
   96.5000
   96.5000
   96.5000
   96.5000
   96.4500
   96.4500
   96.4500
   96.4500
   96.4500
   96.4700
   96.4700
   96.4700
   96.4700
   96.4700
   96.5100
   96.5100
   96.5100
   96.5100
   96.5100
   96.5100
   96.5100
   96.5100
   96.5100
   96.5100
   96.6500
   96.6500
   96.6500
   96.6500
   96.6500
   96.7200
   96.7200
   96.7200
   96.7200
   96.7200
   96.6700
   96.6700
   96.6700
   96.6700
   96.6700
   96.6600
   96.6600
   96.6600
   96.6600
   96.6600
   96.7100
   96.7100
   96.7100
   96.7100
   96.7100
   96.7400
   96.7400
   96.7400
   96.7400
   96.7400
   96.8200
   96.8200
   96.8200
   96.8200
   96.8200
   96.7900
   96.7900
   96.7900
   96.7900
   96.7900
   96.8000
   96.8000
   96.8000
   96.8000
   96.8000
   96.8900
   96.8900
   96.8900
   96.8900
   96.8900
   96.9200
   96.9200
   96.9200
   96.9200
   96.9200
   96.8300
   96.8300
   96.8300
   96.8300
   96.8300
   96.8800
   96.8800
   96.8800
   96.8800
   96.8800
   96.9400
   96.9400
   96.9400
   96.9400
   96.9400
   96.9900
   96.9900
   96.9900
   96.9900
   96.9900
   96.9500
   96.9500
   96.9500
   96.9500
   96.9500
   96.9300
   96.9300
   96.9300
   96.9300
   96.9300
   96.9700
   96.9700
   96.9700
   96.9700
   96.9700
   96.9300
   96.9300
   96.9300
   96.9300
   96.9300
   97.0000
   97.0000
   97.0000
   97.0000
   97.0000
   97.0500
   97.0500
   97.0500
   97.0500
   97.0500
   96.9800
   96.9800
   96.9800
   96.9800
   96.9800
   97.0800
   97.0800
   97.0800
   97.0800
   97.0800
   97.1000
   97.1000
   97.1000
   97.1000
   97.1000
   97.0400
   97.0400
   97.0400
   97.0400
   97.0400
   97.0700
   97.0700
   97.0700
   97.0700
   97.0700
   97.1300
   97.1300
   97.1300
   97.1300
   97.1300
   97.0900
   97.0900
   97.0900
   97.0900
   97.0900
   97.1300
   97.1300
   97.1300
   97.1300
   97.1300
   97.1800
   97.1800
   97.1800
   97.1800
   97.1800
   97.1900
   97.1900
   97.1900
   97.1900
   97.1900
   97.1400
   97.1400
   97.1400
   97.1400
   97.1400
   97.1600
   97.1600
   97.1600
   97.1600
   97.1600
   97.2800
   97.2800
   97.2800
   97.2800
   97.2800
   97.2400
   97.2400
   97.2400
   97.2400
   97.2400
   97.2400
   97.2400
   97.2400
   97.2400
   97.2400
   97.2700
   97.2700
   97.2700
   97.2700
   97.2700
   97.2300
   97.2300
   97.2300
   97.2300
   97.2300
   97.2700
   97.2700
   97.2700
   97.2700
   97.2700
   97.3100
   97.3100
   97.3100
   97.3100
   97.3100
   97.3300
   97.3300
   97.3300
   97.3300
   97.3300
   97.2800
   97.2800
   97.2800
   97.2800
   97.2800
   97.3600
   97.3600
   97.3600
   97.3600
   97.3600
   97.3500
   97.3500
   97.3500
   97.3500
   97.3500
   97.3600
   97.3600
   97.3600
   97.3600
   97.3600
   97.3300
   97.3300
   97.3300
   97.3300
   97.3300
   97.3300
   97.3300
   97.3300
   97.3300
   97.3300
   97.4000
   97.4000
   97.4000
   97.4000
   97.4000
   97.4100
   97.4100
   97.4100
   97.4100
   97.4100
   97.4400
   97.4400
   97.4400
   97.4400
   97.4400
   97.4500
   97.4500
   97.4500
   97.4500
   97.4500
   97.3900
   97.3900
   97.3900
   97.3900
   97.3900
   97.4500
   97.4500
   97.4500
   97.4500
   97.4500
   97.4700
   97.4700
   97.4700
   97.4700
   97.4700
   97.4600
   97.4600
   97.4600
   97.4600
   97.4600
   97.5000
   97.5000
   97.5000
   97.5000
   97.5000
   97.5300
   97.5300
   97.5300
   97.5300
   97.5300
   97.4800
   97.4800
   97.4800
   97.4800
   97.4800
   97.5000
   97.5000
   97.5000
   97.5000
   97.5000
   97.5300
   97.5300
   97.5300
   97.5300
   97.5300
   97.5600
   97.5600
   97.5600
   97.5600
   97.5600
   97.4900
   97.4900
   97.4900
   97.4900
   97.4900
   97.5200
   97.5200
   97.5200
   97.5200
   97.5200
   97.5800
   97.5800
   97.5800
   97.5800
   97.5800
   97.6000
   97.6000
   97.6000
   97.6000
   97.6000
   97.5800
   97.5800
   97.5800
   97.5800
   97.5800
   97.5800
   97.5800
   97.5800
   97.5800
   97.5800
   97.5300
   97.5300
   97.5300
   97.5300
   97.5300
   97.5200
   97.5200
   97.5200
   97.5200
   97.5200
   97.6000
   97.6000
   97.6000
   97.6000
   97.6000
   97.5800
   97.5800
   97.5800
   97.5800
   97.5800
   97.6200
   97.6200
   97.6200
   97.6200
   97.6200
   97.6400
   97.6400
   97.6400
   97.6400
   97.6400
   97.6600
   97.6600
   97.6600
   97.6600
   97.6600
   97.6700
   97.6700
   97.6700
   97.6700
   97.6700
   97.6300
   97.6300
   97.6300
   97.6300
   97.6300
   97.6800
   97.6800
   97.6800
   97.6800
   97.6800
   97.6500
   97.6500
   97.6500
   97.6500
   97.6500
   97.7300
   97.7300
   97.7300
   97.7300
   97.7300
   97.7000
   97.7000
   97.7000
   97.7000
   97.7000
   97.7100
   97.7100
   97.7100
   97.7100
   97.7100
   97.6700
   97.6700
   97.6700
   97.6700
   97.6700
   97.6800
   97.6800
   97.6800
   97.6800
   97.6800
   97.7000
   97.7000
   97.7000
   97.7000
   97.7000
   97.6900
   97.6900
   97.6900
   97.6900
   97.6900
   97.7500
   97.7500
   97.7500
   97.7500
   97.7500
   97.7800
   97.7800
   97.7800
   97.7800
   97.7800
   97.7300
   97.7300
   97.7300
   97.7300
   97.7300
   97.7300
   97.7300
   97.7300
   97.7300
   97.7300
   97.7300
   97.7300
   97.7300
   97.7300
   97.7300
   97.7100
   97.7100
   97.7100
   97.7100
   97.7100
   97.7400
   97.7400
   97.7400
   97.7400
   97.7400
   97.8200
   97.8200
   97.8200
   97.8200
   97.8200
   97.7900
   97.7900
   97.7900
   97.7900
   97.7900
   97.7800
   97.7800
   97.7800
   97.7800
   97.7800
   97.8500
   97.8500
   97.8500
   97.8500
   97.8500
   97.7700
   97.7700
   97.7700
   97.7700
   97.7700
   97.8200
   97.8200
   97.8200
   97.8200
   97.8200
   97.8300
   97.8300
   97.8300
   97.8300
   97.8300
   97.8900
   97.8900
   97.8900
   97.8900
   97.8900
   97.8900
   97.8900
   97.8900
   97.8900
   97.8900
   97.9100
   97.9100
   97.9100
   97.9100
   97.9100
   97.8700
   97.8700
   97.8700
   97.8700
   97.8700
   97.8800
   97.8800
   97.8800
   97.8800
   97.8800
   97.8600
   97.8600
   97.8600
   97.8600
   97.8600
   97.8900
   97.8900
   97.8900
   97.8900
   97.8900
   97.8900
   97.8900
   97.8900
   97.8900
   97.8900
   97.9600
   97.9600
   97.9600
   97.9600
   97.9600
   97.9000
   97.9000
   97.9000
   97.9000
   97.9000
   97.8700
   97.8700
   97.8700
   97.8700
   97.8700
   97.9300
   97.9300
   97.9300
   97.9300
   97.9300
   97.9700
   97.9700
   97.9700
   97.9700
   97.9700
   97.9700
   97.9700
   97.9700
   97.9700
   97.9700
   97.9700
   97.9700
   97.9700
   97.9700
   97.9700
   97.9500
   97.9500
   97.9500
   97.9500
   97.9500
   97.9600
   97.9600
   97.9600
   97.9600
   97.9600
   97.9500
   97.9500
   97.9500
   97.9500
   97.9500
   98.0400
   98.0400
   98.0400
   98.0400
   98.0400
   98.0000
   98.0000
   98.0000
   98.0000
   98.0000
   98.0300
   98.0300
   98.0300
   98.0300
   98.0300