   59.8500
   59.8500
   59.8500
   59.8500
   59.8500
   59.8500
   59.8500
   59.8500
   59.8500
   59.8500
   81.0800
   81.0800
   81.0800
   81.0800
   81.0800
   81.0800
   81.0800
   81.0800
   81.0800
   81.0800
   87.4300
   87.4300
   87.4300
   87.4300
   87.4300
   87.4300
   87.4300
   87.4300
   87.4300
   87.4300
   89.6600
   89.6600
   89.6600
   89.6600
   89.6600
   89.6600
   89.6600
   89.6600
   89.6600
   89.6600
   90.9900
   90.9900
   90.9900
   90.9900
   90.9900
   90.9900
   90.9900
   90.9900
   90.9900
   90.9900
   91.9800
   91.9800
   91.9800
   91.9800
   91.9800
   91.9800
   91.9800
   91.9800
   91.9800
   91.9800
   92.6400
   92.6400
   92.6400
   92.6400
   92.6400
   92.6400
   92.6400
   92.6400
   92.6400
   92.6400
   93.1100
   93.1100
   93.1100
   93.1100
   93.1100
   93.1100
   93.1100
   93.1100
   93.1100
   93.1100
   93.7400
   93.7400
   93.7400
   93.7400
   93.7400
   93.7400
   93.7400
   93.7400
   93.7400
   93.7400
   94.0900
   94.0900
   94.0900
   94.0900
   94.0900
   94.0900
   94.0900
   94.0900
   94.0900
   94.0900
   94.3900
   94.3900
   94.3900
   94.3900
   94.3900
   94.3900
   94.3900
   94.3900
   94.3900
   94.3900
   94.8100
   94.8100
   94.8100
   94.8100
   94.8100
   94.8100
   94.8100
   94.8100
   94.8100
   94.8100
   95.0100
   95.0100
   95.0100
   95.0100
   95.0100
   95.0100
   95.0100
   95.0100
   95.0100
   95.0100
   95.2000
   95.2000
   95.2000
   95.2000
   95.2000
   95.2000
   95.2000
   95.2000
   95.2000
   95.2000
   95.4900
   95.4900
   95.4900
   95.4900
   95.4900
   95.4900
   95.4900
   95.4900
   95.4900
   95.4900
   95.5600
   95.5600
   95.5600
   95.5600
   95.5600
   95.5600
   95.5600
   95.5600
   95.5600
   95.5600
   95.8100
   95.8100
   95.8100
   95.8100
   95.8100
   95.8100
   95.8100
   95.8100
   95.8100
   95.8100
   95.9500
   95.9500
   95.9500
   95.9500
   95.9500
   95.9500
   95.9500
   95.9500
   95.9500
   95.9500
   96.0300
   96.0300
   96.0300
   96.0300
   96.0300
   96.0300
   96.0300
   96.0300
   96.0300
   96.0300
   96.2000
   96.2000
   96.2000
   96.2000
   96.2000
   96.2000
   96.2000
   96.2000
   96.2000
   96.2000
   96.2900
   96.2900
   96.2900
   96.2900
   96.2900
   96.2900
   96.2900
   96.2900
   96.2900
   96.2900
   96.4900
   96.4900
   96.4900
   96.4900
   96.4900
   96.4900
   96.4900
   96.4900
   96.4900
   96.4900
   96.5700
   96.5700
   96.5700
   96.5700
   96.5700
   96.5700
   96.5700
   96.5700
   96.5700
   96.5700
   96.5800
   96.5800
   96.5800
   96.5800
   96.5800
   96.5800
   96.5800
   96.5800
   96.5800
   96.5800
   96.6500
   96.6500
   96.6500
   96.6500
   96.6500
   96.6500
   96.6500
   96.6500
   96.6500
   96.6500
   96.7700
   96.7700
   96.7700
   96.7700
   96.7700
   96.7700
   96.7700
   96.7700
   96.7700
   96.7700
   96.8100
   96.8100
   96.8100
   96.8100
   96.8100
   96.8100
   96.8100
   96.8100
   96.8100
   96.8100
   96.8900
   96.8900
   96.8900
   96.8900
   96.8900
   96.8900
   96.8900
   96.8900
   96.8900
   96.8900
   96.9300
   96.9300
   96.9300
   96.9300
   96.9300
   96.9300
   96.9300
   96.9300
   96.9300
   96.9300
   96.9300
   96.9300
   96.9300
   96.9300
   96.9300
   96.9300
   96.9300
   96.9300
   96.9300
   96.9300
   97.0200
   97.0200
   97.0200
   97.0200
   97.0200
   97.0200
   97.0200
   97.0200
   97.0200
   97.0200
   97.0500
   97.0500
   97.0500
   97.0500
   97.0500
   97.0500
   97.0500
   97.0500
   97.0500
   97.0500
   97.1600
   97.1600
   97.1600
   97.1600
   97.1600
   97.1600
   97.1600
   97.1600
   97.1600
   97.1600
   97.2100
   97.2100
   97.2100
   97.2100
   97.2100
   97.2100
   97.2100
   97.2100
   97.2100
   97.2100
   97.2200
   97.2200
   97.2200
   97.2200
   97.2200
   97.2200
   97.2200
   97.2200
   97.2200
   97.2200
   97.3300
   97.3300
   97.3300
   97.3300
   97.3300
   97.3300
   97.3300
   97.3300
   97.3300
   97.3300
   97.3200
   97.3200
   97.3200
   97.3200
   97.3200
   97.3200
   97.3200
   97.3200
   97.3200
   97.3200
   97.3500
   97.3500
   97.3500
   97.3500
   97.3500
   97.3500
   97.3500
   97.3500
   97.3500
   97.3500
   97.4600
   97.4600
   97.4600
   97.4600
   97.4600
   97.4600
   97.4600
   97.4600
   97.4600
   97.4600
   97.5200
   97.5200
   97.5200
   97.5200
   97.5200
   97.5200
   97.5200
   97.5200
   97.5200
   97.5200
   97.5100
   97.5100
   97.5100
   97.5100
   97.5100
   97.5100
   97.5100
   97.5100
   97.5100
   97.5100
   97.5400
   97.5400
   97.5400
   97.5400
   97.5400
   97.5400
   97.5400
   97.5400
   97.5400
   97.5400
   97.6500
   97.6500
   97.6500
   97.6500
   97.6500
   97.6500
   97.6500
   97.6500
   97.6500
   97.6500
   97.6400
   97.6400
   97.6400
   97.6400
   97.6400
   97.6400
   97.6400
   97.6400
   97.6400
   97.6400
   97.6700
   97.6700
   97.6700
   97.6700
   97.6700
   97.6700
   97.6700
   97.6700
   97.6700
   97.6700
   97.7200
   97.7200
   97.7200
   97.7200
   97.7200
   97.7200
   97.7200
   97.7200
   97.7200
   97.7200
   97.7600
   97.7600
   97.7600
   97.7600
   97.7600
   97.7600
   97.7600
   97.7600
   97.7600
   97.7600
   97.8000
   97.8000
   97.8000
   97.8000
   97.8000
   97.8000
   97.8000
   97.8000
   97.8000
   97.8000
   97.7800
   97.7800
   97.7800
   97.7800
   97.7800
   97.7800
   97.7800
   97.7800
   97.7800
   97.7800
   97.8100
   97.8100
   97.8100
   97.8100
   97.8100
   97.8100
   97.8100
   97.8100
   97.8100
   97.8100
   97.8400
   97.8400
   97.8400
   97.8400
   97.8400
   97.8400
   97.8400
   97.8400
   97.8400
   97.8400
   97.8300
   97.8300
   97.8300
   97.8300
   97.8300
   97.8300
   97.8300
   97.8300
   97.8300
   97.8300
   97.8700
   97.8700
   97.8700
   97.8700
   97.8700
   97.8700
   97.8700
   97.8700
   97.8700
   97.8700
   97.9800
   97.9800
   97.9800
   97.9800
   97.9800
   97.9800
   97.9800
   97.9800
   97.9800
   97.9800
   97.9700
   97.9700
   97.9700
   97.9700
   97.9700
   97.9700
   97.9700
   97.9700
   97.9700
   97.9700
   98.0100
   98.0100
   98.0100
   98.0100
   98.0100
   98.0100
   98.0100
   98.0100
   98.0100
   98.0100
   97.9800
   97.9800
   97.9800
   97.9800
   97.9800
   97.9800
   97.9800
   97.9800
   97.9800
   97.9800
   98.0300
   98.0300
   98.0300
   98.0300
   98.0300
   98.0300
   98.0300
   98.0300
   98.0300
   98.0300
   98.0500
   98.0500
   98.0500
   98.0500
   98.0500
   98.0500
   98.0500
   98.0500
   98.0500
   98.0500
   98.0700
   98.0700
   98.0700
   98.0700
   98.0700
   98.0700
   98.0700
   98.0700
   98.0700
   98.0700
   98.0600
   98.0600
   98.0600
   98.0600
   98.0600
   98.0600
   98.0600
   98.0600
   98.0600
   98.0600
   98.0000
   98.0000
   98.0000
   98.0000
   98.0000
   98.0000
   98.0000
   98.0000
   98.0000
   98.0000
   98.0400
   98.0400
   98.0400
   98.0400
   98.0400
   98.0400
   98.0400
   98.0400
   98.0400
   98.0400
   98.0700
   98.0700
   98.0700
   98.0700
   98.0700
   98.0700
   98.0700
   98.0700
   98.0700
   98.0700
   98.0500
   98.0500
   98.0500
   98.0500
   98.0500
   98.0500
   98.0500
   98.0500
   98.0500
   98.0500
   98.0600
   98.0600
   98.0600
   98.0600
   98.0600
   98.0600
   98.0600
   98.0600
   98.0600
   98.0600
   98.0400
   98.0400
   98.0400
   98.0400
   98.0400
   98.0400
   98.0400
   98.0400
   98.0400
   98.0400
   98.1500
   98.1500
   98.1500
   98.1500
   98.1500
   98.1500
   98.1500
   98.1500
   98.1500
   98.1500
   98.0900
   98.0900
   98.0900
   98.0900
   98.0900
   98.0900
   98.0900
   98.0900
   98.0900
   98.0900
   98.1100
   98.1100
   98.1100
   98.1100
   98.1100
   98.1100
   98.1100
   98.1100
   98.1100
   98.1100
   98.1400
   98.1400
   98.1400
   98.1400
   98.1400
   98.1400
   98.1400
   98.1400
   98.1400
   98.1400
   98.1700
   98.1700
   98.1700
   98.1700
   98.1700
   98.1700
   98.1700
   98.1700
   98.1700
   98.1700
   98.1900
   98.1900
   98.1900
   98.1900
   98.1900
   98.1900
   98.1900
   98.1900
   98.1900
   98.1900
   98.2000
   98.2000
   98.2000
   98.2000
   98.2000
   98.2000
   98.2000
   98.2000
   98.2000
   98.2000
   98.2100
   98.2100
   98.2100
   98.2100
   98.2100
   98.2100
   98.2100
   98.2100
   98.2100
   98.2100
   98.2600
   98.2600
   98.2600
   98.2600
   98.2600
   98.2600
   98.2600
   98.2600
   98.2600
   98.2600
   98.2600
   98.2600
   98.2600
   98.2600
   98.2600
   98.2600
   98.2600
   98.2600
   98.2600
   98.2600
   98.2200
   98.2200
   98.2200
   98.2200
   98.2200
   98.2200
   98.2200
   98.2200
   98.2200
   98.2200
   98.2000
   98.2000
   98.2000
   98.2000
   98.2000
   98.2000
   98.2000
   98.2000
   98.2000
   98.2000
   98.2600
   98.2600
   98.2600
   98.2600
   98.2600
   98.2600
   98.2600
   98.2600
   98.2600
   98.2600
   98.2800
   98.2800
   98.2800
   98.2800
   98.2800
   98.2800
   98.2800
   98.2800
   98.2800
   98.2800
   98.2900
   98.2900
   98.2900
   98.2900
   98.2900
   98.2900
   98.2900
   98.2900
   98.2900
   98.2900
   98.3100
   98.3100
   98.3100
   98.3100
   98.3100
   98.3100
   98.3100
   98.3100
   98.3100
   98.3100
   98.2900
   98.2900
   98.2900
   98.2900
   98.2900
   98.2900
   98.2900
   98.2900
   98.2900
   98.2900
   98.2900
   98.2900
   98.2900
   98.2900
   98.2900
   98.2900
   98.2900
   98.2900
   98.2900
   98.2900
   98.2700
   98.2700
   98.2700
   98.2700
   98.2700
   98.2700
   98.2700
   98.2700
   98.2700
   98.2700
   98.3100
   98.3100
   98.3100
   98.3100
   98.3100
   98.3100
   98.3100
   98.3100
   98.3100
   98.3100
   98.3600
   98.3600
   98.3600
   98.3600
   98.3600
   98.3600
   98.3600
   98.3600
   98.3600
   98.3600
   98.3600
   98.3600
   98.3600
   98.3600
   98.3600
   98.3600
   98.3600
   98.3600
   98.3600
   98.3600
   98.3700
   98.3700
   98.3700
   98.3700
   98.3700
   98.3700
   98.3700
   98.3700
   98.3700
   98.3700
   98.3500
   98.3500
   98.3500
   98.3500
   98.3500
   98.3500
   98.3500
   98.3500
   98.3500
   98.3500
   98.3500
   98.3500
   98.3500
   98.3500
   98.3500
   98.3500
   98.3500
   98.3500
   98.3500
   98.3500
   98.3800
   98.3800
   98.3800
   98.3800
   98.3800
   98.3800
   98.3800
   98.3800
   98.3800
   98.3800
   98.4000
   98.4000
   98.4000
   98.4000
   98.4000
   98.4000
   98.4000
   98.4000
   98.4000
   98.4000
   98.3700
   98.3700
   98.3700
   98.3700
   98.3700
   98.3700
   98.3700
   98.3700
   98.3700
   98.3700
   98.4200
   98.4200
   98.4200
   98.4200
   98.4200
   98.4200
   98.4200
   98.4200
   98.4200
   98.4200
   98.4200
   98.4200
   98.4200
   98.4200
   98.4200
   98.4200
   98.4200
   98.4200
   98.4200
   98.4200
   98.4200
   98.4200
   98.4200
   98.4200
   98.4200
   98.4200
   98.4200
   98.4200
   98.4200
   98.4200
   98.4400
   98.4400
   98.4400
   98.4400
   98.4400
   98.4400
   98.4400
   98.4400
   98.4400
   98.4400
   98.4000
   98.4000
   98.4000
   98.4000
   98.4000
   98.4000
   98.4000
   98.4000
   98.4000
   98.4000