49.21
68.98
81.67
86.95
89.01
90.39
90.88
91.8
92.35
92.7
93.06
93.29
93.56
93.81
94.14
94.18
94.38
94.66
94.63
95.0
95.06
95.26
95.28
95.49
95.52
95.71
95.64
95.82
95.98
96.02
96.01
96.14
96.28
96.27
96.32
96.41
96.42
96.55
96.65
96.57
96.6
96.73
96.72
96.9
96.86
96.77
96.86
96.96
97.05
97.07
97.09
97.1
97.1
97.15
97.29
97.25
97.24
97.28
97.27
97.41
97.36
97.34
97.43
97.42
97.53
97.39
97.52
97.51
97.48
97.53
97.59
97.49
97.64
97.62
97.6
97.61
97.69
97.69
97.71
97.75
97.78
97.71
97.76
97.76
97.65
97.7
97.75
97.76
97.79
97.72
97.83
97.87
97.9
97.87
97.91
97.96
98.0
97.89
97.99
98.03
