80.690002 
89.760002 
92.430000 
93.480003 
94.349998 
95.080002 
95.129997 
95.400002 
95.459999 
95.699997 
95.750000 
95.760002 
95.589996 
95.699997 
95.860001 
95.470001 
95.769997 
96.010002 
95.980003 
96.050003 
96.320000 
96.400002 
96.360001 
96.650002 
96.230003 
96.379997 
96.269997 
96.150002 
96.199997 
96.349998 
96.150002 
96.150002 
96.570000 
96.379997 
96.519997 
96.550003 
96.629997 
96.449997 
96.160004 
96.169998 
96.519997 
96.410004 
96.519997 
96.470001 
96.730003 
96.559998 
96.279999 
96.489998 
96.419998 
96.669998 
96.449997 
96.550003 
96.540001 
96.489998 
96.639999 
96.430000 
96.690002 
96.589996 
96.500000 
96.570000 
96.589996 
96.680000 
96.669998 
96.440002 
96.620003 
96.330002 
96.120003 
96.690002 
96.699997 
96.449997 
96.889999 
96.739998 
96.730003 
96.760002 
96.900002 
96.620003 
96.699997 
96.750000 
96.650002 
96.570000 
96.769997 
96.459999 
96.820000 
96.720001 
96.680000 
96.669998 
96.559998 
96.580002 
96.370003 
96.459999 
96.620003 
96.839996 
96.879997 
96.580002 
96.489998 
96.540001 
96.570000 
96.809998 
96.449997 
96.779999 
96.470001 
96.540001 
96.529999 
96.660004 
96.699997 
96.540001 
96.959999 
97.050003 
97.050003 
96.760002 
97.070000 
97.019997 
96.790001 
96.550003 
96.709999 
96.389999 
96.550003 
96.459999 
96.410004 
96.160004 
96.599998 
96.150002 
96.519997 
96.199997 
96.459999 
96.169998 
96.500000 
96.120003 
96.669998 
96.449997 
96.580002 
96.430000 
96.489998 
96.309998 
96.480003 
96.320000 
96.669998 
96.650002 
96.550003 
96.379997 
96.360001 
96.269997 
96.230003 
96.480003 
96.419998 
96.320000 
96.449997 
96.470001 
96.550003 
96.629997 
96.290001 
96.220001 
96.239998 
96.410004 
96.279999 
96.440002 
96.480003 
96.570000 
96.680000 
96.480003 
96.620003 
96.830002 
96.709999 
96.779999 
96.940002 
96.839996 
97.029999 
96.949997 
96.760002 
96.769997 
96.760002 
96.480003 
96.930000 
97.010002 
96.760002 
96.589996 
96.860001 
96.519997 
96.769997 
96.540001 
96.360001 
96.480003 
96.400002 
96.519997 
96.260002 
96.769997 
96.739998 
96.809998 
96.900002 
96.970001 
97.040001 
96.870003 
96.800003 
96.889999 
96.970001 
96.809998 
96.690002 
96.830002 
96.760002 
96.589996 
96.540001 
96.570000 
96.629997 
96.529999 
96.550003 
96.400002 
96.510002 
96.419998 
96.230003 
96.169998 
96.360001 
96.650002 
96.489998 
96.739998 
96.430000 
96.389999 
96.230003 
96.400002 
96.209999 
96.019997 
96.169998 
96.180000 
96.050003 
96.330002 
96.440002 
96.519997 
96.209999 
96.389999 
96.760002 
96.599998 
96.769997 
96.690002 
96.660004 
96.690002 
96.870003 
96.739998 
97.050003 
96.820000 
97.180000 
97.120003 
97.129997 
97.070000 
97.129997 
96.900002 
97.180000 
97.239998 
97.309998 
97.160004 
97.040001 
97.029999 
97.099998 
96.699997 
96.580002 
96.510002 
96.309998 
96.279999 
96.339996 
96.419998 
96.400002 
96.639999 
96.739998 
96.279999 
96.480003 
96.430000 
96.690002 
96.669998 
96.949997 
96.919998 
97.059998 
97.029999 
96.699997 
96.889999 
96.839996 
96.720001 
96.660004 
96.680000 
96.699997 
96.809998 
96.949997 
97.040001 
96.930000 
96.900002 
96.910004 
96.629997 
96.830002 
97.059998 
96.860001 
96.900002 
96.980003 
96.849998 
96.949997 
96.790001 
96.860001 
96.980003 
96.849998 
96.730003 
97.110001 
96.849998 
96.919998 
96.930000 
96.820000 
97.000000 
96.970001 
97.160004 
97.239998 
97.370003 
97.279999 
97.349998 
97.139999 
97.070000 
97.000000 
97.029999 
96.879997 
97.010002 
97.099998 
97.070000 
96.959999 
96.970001 
96.970001 
97.209999 
97.260002 
97.169998 
97.150002 
97.260002 
97.129997 
97.050003 
97.190002 
97.250000 
97.029999 
97.169998 
96.949997 
97.059998 
97.230003 
97.220001 
97.260002 
97.050003 
97.230003 
97.449997 
97.190002 
96.879997 
96.919998 
96.669998 
96.760002 
96.919998 
96.669998 
96.779999 
96.510002 
96.559998 
96.709999 
96.879997 
96.930000 
97.010002 
97.139999 
97.050003 
97.019997 
97.250000 
97.019997 
97.040001 
97.089996 
97.099998 
97.150002 
96.970001 
96.709999 
96.970001 
97.099998 
97.199997 
97.110001 
96.910004 
97.169998 
96.849998 
97.029999 
96.940002 
97.029999 
97.040001 
97.000000 
97.169998 
97.199997 
97.230003 
96.970001 
96.940002 
97.199997 
96.730003 
96.739998 
97.040001 
97.120003 
97.040001 
96.900002 
96.910004 
96.730003 
96.860001 
96.620003 
96.730003 
96.910004 
96.870003 
97.089996 
97.029999 
97.220001 
97.279999 
97.260002 
96.910004 
96.830002 
96.919998 
97.029999 
97.059998 
97.120003 
97.080002 
96.980003 
96.919998 
96.540001 
96.839996 
96.760002 
96.980003 
96.989998 
97.000000 
97.089996 
96.989998 
96.779999 
97.139999 
96.989998 
96.989998 
96.949997 
97.150002 
96.919998 
97.279999 
97.129997 
97.029999 
97.050003 
97.059998 
97.230003 
97.309998 
97.260002 
97.239998 
97.379997 
97.529999 
97.419998 
97.410004 
97.389999 
97.300003 
97.269997 
97.320000 
97.160004 
97.230003 
97.230003 
97.220001 
97.269997 
97.290001 
97.300003 
97.230003 
96.949997 
96.959999 
96.959999 
97.129997 
96.970001 
96.699997 
96.449997 
96.370003 
96.400002 
96.570000 
96.669998 
96.690002 
96.750000 
96.699997 
96.690002 
96.400002 
96.589996 
96.370003 
96.599998 
96.720001 
96.769997 
96.669998 
96.650002 
96.790001 
96.650002 
96.389999 
96.629997 
96.529999 
96.559998 
96.680000 
96.650002 
96.620003 
97.010002 
97.000000 
96.989998 
97.010002 
96.790001 
97.040001 
97.290001 
97.290001 
97.150002 
97.019997 
97.209999 
96.970001 
96.989998 
96.870003 
96.750000 
96.790001 
96.730003 
96.760002 
96.639999 
96.779999 
96.709999 
96.970001 
96.779999 
96.669998 
96.540001 
96.849998 
96.430000 
96.559998 
96.610001 
96.529999 
96.580002 
96.470001 
96.440002 
96.480003 
96.769997 
96.669998 
96.230003 
96.730003 
96.919998 
96.580002 
96.580002 
96.790001 
96.940002 
96.839996 
97.120003 
97.129997 
97.080002 
97.010002 
96.959999 
97.019997 
97.120003 
97.120003 
96.989998 
96.879997 
96.660004 
96.699997 
96.570000 
96.639999 
96.779999 
96.699997 
96.589996 
96.769997 
96.739998 
96.730003 
96.849998 
96.709999 
96.769997 
96.769997 
96.709999 
96.709999 
96.910004 
96.959999 
96.459999 
96.610001 
96.419998 
96.470001 
96.500000 
96.809998 
96.730003 
96.500000 
96.739998 
96.650002 
96.959999 
96.779999 
96.860001 
96.949997 
96.830002 
96.660004 
96.669998 
96.739998 
96.599998 
96.739998 
96.610001 
96.650002 
96.779999 
96.910004 
96.839996 
96.919998 
96.680000 
96.860001 
96.769997 
96.760002 
96.830002 
96.750000 
96.809998 
96.889999 
96.650002 
96.930000 
96.870003 
96.760002 
96.790001 
96.870003 
96.870003 
97.139999 
97.239998 
96.849998 
97.040001 
97.040001 
97.129997 
97.040001 
97.199997 
96.830002 
96.910004 
96.889999 
96.940002 
96.849998 
97.059998 
96.889999 
96.790001 
96.550003 
96.440002 
96.760002 
96.779999 
96.910004 
96.940002 
96.629997 
96.660004 
96.820000 
97.070000 
96.930000 
96.930000 
97.230003 
97.050003 
97.160004 
96.930000 
96.989998 
96.949997 
96.900002 
96.610001 
96.430000 
96.769997 
96.820000 
96.820000 
96.709999 
96.790001 
96.949997 
97.129997 
97.070000 
97.019997 
97.010002 
97.019997 
96.820000 
97.040001 
97.050003 
96.970001 
97.129997 
97.059998 
97.029999 
97.099998 
96.800003 
96.830002 
96.699997 
97.050003 
97.180000 
97.160004 
96.870003 
96.779999 
96.879997 
96.940002 
96.949997 
97.099998 
97.010002 
96.970001 
97.059998 
97.040001 
96.879997 
96.639999 
96.989998 
96.949997 
96.910004 
96.930000 
97.019997 
96.849998 
96.820000 
96.980003 
97.050003 
96.900002 
96.970001 
97.150002 
97.209999 
97.199997 
96.989998 
97.050003 
96.860001 
96.949997 
96.709999 
97.160004 
97.199997 
97.370003 
97.180000 
97.070000 
97.209999 
97.279999 
97.309998 
97.320000 
97.129997 
97.169998 
97.040001 
96.959999 
97.000000 
96.949997 
96.870003 
97.089996 
97.330002 
97.430000 
97.150002 
97.059998 
97.110001 
97.089996 
97.269997 
97.139999 
97.209999 
96.690002 
96.839996 
96.830002 
97.110001 
96.849998 
97.180000 
97.339996 
97.250000 
97.269997 
97.190002 
97.279999 
97.059998 
96.849998 
97.180000 
96.949997 
97.010002 
97.029999 
96.949997 
97.129997 
96.820000 
97.019997 
96.769997 
96.739998 
96.650002 
96.620003 
96.870003 
96.970001 
96.989998 
96.769997 
96.629997 
96.849998 
96.800003 
96.559998 
96.809998 
96.940002 
97.120003 
96.699997 
96.870003 
97.220001 
97.050003 
96.949997 
96.830002 
97.139999 
97.010002 
97.190002 
97.129997 
97.089996 
96.970001 
97.180000 
96.820000 
97.139999 
97.300003 
97.169998 
97.120003 
97.180000 
97.160004 
97.430000 
97.260002 
97.199997 
96.970001 
96.970001 
96.879997 
96.959999 
96.769997 
96.650002 
96.760002 
96.709999 
96.699997 
96.739998 
96.660004 
96.650002 
96.720001 
96.949997 
96.879997 
96.470001 
96.589996 
96.589996 
96.779999 
96.620003 
96.669998 
96.769997 
96.709999 
96.930000 
97.120003 
97.029999 
96.830002 
96.790001 
96.809998 
96.739998 
96.980003 
97.169998 
96.959999 
96.959999 
96.750000 
96.820000 
96.760002 
96.910004 
97.089996 
96.940002 
96.989998 
96.949997 
96.860001 
96.739998 
96.669998 
96.699997 
96.820000 
96.699997 
96.790001 
96.720001 
96.750000 
97.050003 
97.120003 
97.279999 
97.070000 
97.000000 
97.029999 
96.970001 
97.150002 
97.019997 
96.919998 
96.889999 
96.989998 
96.459999 
96.449997 
96.669998 
96.480003 
96.559998 
96.820000 
96.639999 
96.660004 
96.820000 
96.650002 
96.779999 
96.699997 
96.949997 
96.709999 
96.980003 
97.040001 
97.190002 
97.129997 
96.889999 
96.879997 
96.750000 
96.790001 
96.660004 
96.709999 
96.650002 
96.730003 
96.459999 
96.639999 
96.879997 
96.879997 
96.709999 
96.769997 
96.339996 
96.599998 
96.639999 
96.839996 
96.800003 
96.889999 
96.809998 
96.849998 
97.190002 
97.070000 
96.769997 
96.870003 
96.930000 
96.820000 
96.790001 
96.830002 
96.910004 
97.010002 
96.730003 
96.959999 
96.589996 
96.739998 
96.629997 
96.760002 
96.769997 
96.919998 
96.559998 
96.680000 
96.680000 
96.730003 
96.690002 
96.459999 
96.669998 
96.519997 
96.639999 
96.589996 
96.570000 
96.669998 
96.790001 
96.949997 
96.440002 
96.440002 
96.570000 
96.480003 
96.660004 
96.769997 
96.879997 
96.580002 
96.489998 
96.730003 
96.610001 
96.379997 
96.620003 
96.730003 
96.519997 
96.730003 
96.760002 
96.730003 
96.800003 
96.739998 
96.660004 
96.779999 
96.610001 
96.769997 
96.669998 
96.669998 
96.849998 
96.930000 
96.910004 
96.940002 
97.089996 
97.139999 
96.970001 
97.190002 
96.980003 
96.769997 
96.790001 
96.930000 
96.940002 
96.879997 
96.730003 
96.769997 
96.580002 
96.800003 
96.940002 
96.940002 
96.879997 
96.989998 
97.059998 
97.150002 
96.930000 
96.959999 
97.029999 
97.279999 
97.139999 
96.949997 
96.860001 
96.680000 
96.680000 
96.830002 
96.930000 
96.580002 
96.900002 
96.970001 
97.000000 
97.349998 
97.120003 
97.110001 
97.019997 
96.860001 
96.900002 
96.870003 
96.910004 
96.809998 
96.860001 
96.940002 
96.910004 
97.110001 
97.150002 
97.269997 
97.379997 
97.320000 
97.290001 
97.050003 
97.070000 
97.269997 
97.370003 
97.250000 
97.470001 
97.139999 
97.239998 
97.279999 
97.379997 
97.519997 
