9.690000
9.790000
9.810000
9.810000
9.820000
9.820000
9.820000
9.820000
9.820000
9.820000
9.820000
9.820000
9.820000
9.820000
9.820000
9.820000
9.820000
9.820000
9.820000
9.820000
9.820000
9.820000
9.820000
9.820000
9.820000
9.820000
9.820000
9.820000
9.820000
9.820000
9.820000
9.820000
9.820000
9.820000
9.820000
9.820000
9.820000
9.820000
9.820000
9.820000
9.820000
9.820000
9.820000
9.820000
9.820000
9.820000
9.820000
9.820000
9.820000
9.820000
9.820000
9.820000
9.820000
11.35000
10.28000
11.35000
11.35000
11.35000
11.35000
11.35000
11.35000
11.35000
11.35000
11.35000
11.35000
11.35000
11.35000
11.35000
11.35000
11.35000
11.35000
11.35000
11.35000
11.35000
11.35000
11.35000
11.35000
11.35000
11.35000
11.35000
11.35000
11.35000
11.35000
11.35000
11.35000
11.35000
11.35000
11.35000
11.35000
11.35000
11.35000
11.35000
11.35000
11.35000
11.35000
11.35000
11.35000
11.35000
11.35000
11.35000
