91.949997 
94.300003 
95.529999 
96.059998 
96.500000 
96.699997 
96.879997 
97.059998 
97.160004 
97.220001 
97.260002 
97.330002 
97.339996 
97.400002 
97.599998 
97.470001 
97.449997 
97.480003 
97.610001 
97.449997 
97.669998 
97.459999 
97.430000 
97.349998 
97.570000 
97.470001 
97.459999 
97.510002 
97.559998 
97.570000 
97.599998 
97.709999 
97.650002 
97.510002 
97.629997 
97.540001 
97.760002 
97.760002 
97.610001 
97.690002 
97.720001 
97.889999 
97.739998 
97.900002 
98.040001 
97.820000 
97.900002 
97.809998 
97.930000 
97.769997 
97.820000 
97.739998 
97.900002 
97.750000 
97.720001 
97.720001 
97.779999 
97.709999 
97.690002 
97.699997 
97.849998 
97.860001 
97.750000 
97.820000 
97.879997 
97.870003 
98.110001 
97.900002 
98.000000 
98.190002 
97.930000 
97.910004 
97.820000 
97.800003 
97.779999 
97.930000 
97.879997 
97.860001 
97.949997 
97.959999 
97.970001 
97.919998 
97.849998 
97.870003 
97.879997 
97.889999 
97.839996 
97.910004 
98.099998 
98.029999 
97.779999 
97.900002 
97.790001 
97.830002 
97.760002 
97.900002 
97.790001 
98.080002 
98.089996 
98.010002 
97.669998 
97.800003 
97.839996 
97.800003 
97.879997 
97.809998 
98.010002 
97.980003 
97.860001 
97.750000 
97.849998 
98.000000 
97.889999 
97.970001 
97.860001 
98.099998 
98.070000 
97.930000 
97.989998 
97.900002 
97.940002 
97.910004 
97.839996 
97.949997 
97.830002 
97.839996 
97.800003 
97.709999 
97.680000 
97.970001 
97.980003 
97.959999 
97.800003 
97.870003 
97.860001 
97.930000 
98.000000 
98.029999 
97.919998 
98.000000 
97.949997 
98.129997 
98.139999 
98.070000 
98.099998 
98.099998 
97.980003 
98.099998 
97.949997 
98.000000 
98.070000 
98.070000 
98.129997 
98.080002 
98.040001 
97.940002 
98.050003 
97.959999 
97.919998 
97.830002 
97.779999 
97.529999 
97.919998 
98.000000 
97.900002 
97.870003 
97.959999 
97.919998 
98.040001 
98.010002 
98.070000 
98.150002 
98.349998 
98.160004 
98.169998 
98.190002 
98.019997 
98.080002 
98.110001 
98.220001 
98.199997 
98.099998 
98.019997 
98.050003 
97.839996 
97.820000 
97.919998 
97.870003 
97.849998 
97.889999 
97.760002 
97.809998 
97.949997 
98.010002 
98.059998 
98.029999 
98.099998 
97.930000 
97.980003 
97.980003 
98.150002 
98.269997 
98.220001 
98.110001 
98.110001 
98.190002 
98.099998 
98.239998 
98.099998 
98.279999 
98.279999 
98.239998 
98.209999 
98.080002 
97.940002 
98.169998 
98.059998 
98.110001 
97.760002 
97.760002 
97.750000 
97.720001 
97.900002 
97.889999 
97.980003 
97.970001 
98.169998 
98.110001 
98.010002 
98.099998 
97.849998 
97.870003 
97.910004 
98.019997 
98.180000 
98.150002 
98.099998 
98.250000 
98.139999 
98.089996 
97.860001 
97.980003 
97.959999 
97.830002 
98.040001 
98.089996 
98.099998 
98.199997 
98.089996 
98.089996 
98.099998 
98.040001 
97.809998 
97.830002 
97.900002 
97.860001 
97.910004 
98.059998 
98.150002 
97.820000 
97.940002 
97.910004 
97.910004 
97.750000 
98.029999 
97.870003 
97.980003 
97.889999 
97.949997 
97.980003 
97.870003 
97.910004 
98.000000 
98.150002 
98.050003 
97.989998 
98.059998 
98.209999 
97.989998 
98.070000 
97.849998 
97.800003 
97.930000 
97.889999 
98.059998 
97.849998 
97.930000 
97.949997 
97.989998 
97.839996 
98.120003 
98.089996 
97.989998 
98.070000 
98.059998 
98.029999 
98.080002 
97.989998 
98.019997 
98.150002 
98.059998 
98.099998 
98.080002 
97.870003 
97.910004 
98.000000 
98.150002 
98.050003 
97.989998 
98.059998 
98.209999 
97.989998 
98.070000 
97.849998 
97.800003 
97.930000 
97.889999 
98.059998 
97.849998 
97.930000 
97.949997 
97.989998 
97.839996 
98.120003 
98.089996 
97.989998 
98.070000 
98.059998 
98.029999 
98.080002 
97.989998 
98.019997 
98.150002 
98.059998 
98.099998 
98.080002 
97.870003 
97.910004 
98.000000 
98.150002 
98.050003 
97.989998 
98.059998 
98.209999 
97.989998 
98.070000 
97.849998 
97.800003 
97.930000 
97.889999 
98.059998 
97.849998 
97.930000 
97.949997 
97.989998 
97.839996 
98.120003 
98.089996 
97.989998 
98.070000 
98.059998 
98.029999 
98.080002 
97.989998 
98.019997 
98.150002 
98.059998 
98.099998 
98.080002 
97.870003 
97.910004 
98.000000 
98.150002 
98.050003 
97.989998 
98.059998 
98.209999 
97.989998 
98.070000 
97.849998 
97.800003 
97.930000 
97.889999 
98.059998 
97.849998 
97.930000 
97.949997 
97.989998 
97.839996 
98.120003 
98.089996 
97.989998 
98.070000 
98.059998 
98.029999 
98.080002 
97.989998 
98.019997 
98.150002 
98.059998 
98.099998 
98.080002 
97.870003 
97.910004 
98.000000 
98.150002 
98.050003 
97.989998 
98.059998 
98.209999 
97.989998 
98.070000 
97.849998 
97.800003 
97.930000 
97.889999 
98.059998 
97.849998 
97.930000 
97.949997 
97.989998 
97.839996 
98.120003 
98.089996 
97.989998 
98.070000 
98.059998 
98.029999 
98.080002 
97.989998 
98.019997 
98.150002 
98.059998 
98.099998 
98.080002 
97.870003 
97.910004 
98.000000 
98.150002 
98.050003 
97.989998 
98.059998 
98.209999 
97.989998 
98.070000 
97.849998 
97.800003 
97.930000 
97.889999 
98.059998 
97.849998 
97.930000 
97.949997 
97.989998 
97.839996 
98.120003 
98.089996 
97.989998 
98.070000 
98.059998 
98.029999 
98.080002 
97.989998 
98.019997 
98.150002 
98.059998 
98.099998 
98.080002 
97.870003 
97.910004 
98.000000 
98.150002 
98.050003 
97.989998 
98.059998 
98.209999 
97.989998 
98.070000 
97.849998 
97.800003 
97.930000 
97.889999 
98.059998 
97.849998 
97.930000 
97.949997 
97.989998 
97.839996 
98.120003 
98.089996 
97.989998 
98.070000 
98.059998 
98.029999 
98.080002 
97.989998 
98.019997 
98.150002 
98.059998 
98.099998 
98.080002 
97.870003 
97.910004 
98.000000 
98.150002 
98.050003 
97.989998 
98.059998 
98.209999 
97.989998 
98.070000 
97.849998 
97.800003 
97.930000 
97.889999 
98.059998 
97.849998 
97.930000 
97.949997 
97.989998 
97.839996 
98.120003 
98.089996 
97.989998 
98.070000 
98.059998 
98.029999 
98.080002 
97.989998 
98.019997 
98.150002 
98.059998 
98.099998 
98.080002 
97.870003 
97.910004 
98.000000 
98.150002 
98.050003 
97.989998 
98.059998 
98.209999 
97.989998 
98.070000 
97.849998 
97.800003 
97.930000 
97.889999 
98.059998 
97.849998 
97.930000 
97.949997 
97.989998 
97.839996 
98.120003 
98.089996 
97.989998 
98.070000 
98.059998 
98.029999 
98.080002 
97.989998 
98.019997 
98.150002 
98.059998 
98.099998 
98.080002 
97.870003 
97.910004 
98.000000 
98.150002 
98.050003 
97.989998 
98.059998 
98.209999 
97.989998 
98.070000 
97.849998 
97.800003 
97.930000 
97.889999 
98.059998 
97.849998 
97.930000 
97.949997 
97.989998 
97.839996 
98.120003 
98.089996 
97.989998 
98.070000 
98.059998 
98.029999 
98.080002 
97.989998 
98.019997 
98.150002 
98.059998 
98.099998 
98.080002 
97.870003 
97.910004 
98.000000 
98.150002 
98.050003 
97.989998 
98.059998 
98.209999 
97.989998 
98.070000 
97.849998 
97.800003 
97.930000 
97.889999 
98.059998 
97.849998 
97.930000 
97.949997 
97.989998 
97.839996 
98.120003 
98.089996 
97.989998 
98.070000 
98.059998 
98.029999 
98.080002 
97.989998 
98.019997 
98.150002 
98.059998 
98.099998 
98.080002 
97.870003 
97.910004 
98.000000 
98.150002 
98.050003 
97.989998 
98.059998 
98.209999 
97.989998 
98.070000 
97.849998 
97.800003 
97.930000 
97.889999 
98.059998 
97.849998 
97.930000 
97.949997 
97.989998 
97.839996 
98.120003 
98.089996 
97.989998 
98.070000 
98.059998 
98.029999 
98.080002 
97.989998 
98.019997 
98.150002 
98.059998 
98.099998 
98.080002 
97.870003 
97.910004 
98.000000 
98.150002 
98.050003 
97.989998 
98.059998 
98.209999 
97.989998 
98.070000 
97.849998 
97.800003 
97.930000 
97.889999 
98.059998 
97.849998 
97.930000 
97.949997 
97.989998 
97.839996 
98.120003 
98.089996 
97.989998 
98.070000 
98.059998 
98.029999 
98.080002 
97.989998 
98.019997 
98.150002 
98.059998 
98.099998 
98.080002 
97.870003 
97.910004 
98.000000 
98.150002 
98.050003 
97.989998 
98.059998 
98.209999 
97.989998 
98.070000 
97.849998 
97.800003 
97.930000 
97.889999 
98.059998 
97.849998 
97.930000 
97.949997 
97.989998 
97.839996 
98.120003 
98.089996 
97.989998 
98.070000 
98.059998 
98.029999 
98.080002 
97.989998 
98.019997 
98.150002 
98.059998 
98.099998 
98.080002 
97.870003 
97.910004 
98.000000 
98.150002 
98.050003 
97.989998 
98.059998 
98.209999 
97.989998 
98.070000 
97.849998 
97.800003 
97.930000 
97.889999 
98.059998 
97.849998 
97.930000 
97.949997 
97.989998 
97.839996 
98.120003 
98.089996 
97.989998 
98.070000 
98.059998 
98.029999 
98.080002 
97.989998 
98.019997 
98.150002 
98.059998 
98.099998 
98.080002 
97.870003 
97.910004 
98.000000 
98.150002 
98.050003 
97.989998 
98.059998 
98.209999 
97.989998 
98.070000 
97.849998 
97.800003 
97.930000 
97.889999 
98.059998 
97.849998 
97.930000 
97.949997 
97.989998 
97.839996 
98.120003 
98.089996 
97.989998 
98.070000 
98.059998 
98.029999 
98.080002 
97.989998 
98.019997 
98.150002 
98.059998 
98.099998 
98.080002 
97.870003 
97.910004 
98.000000 
98.150002 
98.050003 
97.989998 
98.059998 
98.209999 
97.989998 
98.070000 
97.849998 
97.800003 
97.930000 
97.889999 
98.059998 
97.849998 
97.930000 
97.949997 
97.989998 
97.839996 
98.120003 
98.089996 
97.989998 
98.070000 
98.059998 
98.029999 
98.080002 
97.989998 
98.019997 
98.150002 
98.059998 
98.099998 
98.080002 
97.870003 
97.910004 
98.000000 
98.150002 
98.050003 
97.989998 
98.059998 
98.209999 
97.989998 
98.070000 
97.849998 
97.800003 
97.930000 
97.889999 
98.059998 
97.849998 
97.930000 
97.949997 
97.989998 
97.839996 
98.120003 
98.089996 
97.989998 
98.070000 
98.059998 
98.029999 
98.080002 
97.989998 
98.019997 
98.150002 
98.059998 
98.099998 
98.080002 
97.870003 
97.910004 
98.000000 
98.150002 
98.050003 
97.989998 
98.059998 
98.209999 
97.989998 
98.070000 
97.849998 
97.800003 
97.930000 
97.889999 
98.059998 
97.849998 
97.930000 
97.949997 
97.989998 
97.839996 
98.120003 
98.089996 
97.989998 
98.070000 
98.059998 
98.029999 
98.080002 
97.989998 
98.019997 
98.150002 
98.059998 
98.099998 
98.080002 
97.870003 
97.910004 
98.000000 
98.150002 
98.050003 
97.989998 
98.059998 
98.209999 
97.989998 
98.070000 
97.849998 
97.800003 
97.930000 
97.889999 
98.059998 
97.849998 
97.930000 
97.949997 
97.989998 
97.839996 
98.120003 
98.089996 
97.989998 
98.070000 
98.059998 
98.029999 
98.080002 
97.989998 
98.019997 
98.150002 
98.059998 
98.099998 
98.080002 
97.870003 
97.910004 
98.000000 
98.150002 
98.050003 
97.989998 
98.059998 
98.209999 
97.989998 
98.070000 
97.849998 
97.800003 
97.930000 
97.889999 
98.059998 
97.849998 
97.930000 
97.949997 
97.989998 
97.839996 
98.120003 
98.089996 
97.989998 
98.070000 
98.059998 
98.029999 
98.080002 
97.989998 
98.019997 
98.150002 
98.059998 
98.099998 
98.080002 
97.870003 
97.910004 
98.000000 
98.150002 
98.050003 
97.989998 
98.059998 
98.209999 
97.989998 
98.070000 
97.849998 
97.800003 
97.930000 
97.889999 
98.059998 
97.849998 
97.930000 
97.949997 
97.989998 
97.839996 
98.120003 
98.089996 
97.989998 
98.070000 
98.059998 
98.029999 
98.080002 
97.989998 
98.019997 
98.150002 
98.059998 
98.099998 
98.080002 
97.989998 
98.019997 
98.150002 
98.059998 