20.730000 
26.010000 
24.969999 
39.790001 
63.529999 
71.650002 
76.320000 
77.220001 
78.839996 
79.440002 
79.510002 
81.730003 
83.820000 
83.470001 
84.370003 
84.320000 
84.830002 
86.160004 
86.639999 
87.059998 
85.440002 
86.620003 
88.320000 
88.470001 
87.709999 
88.720001 
87.550003 
87.699997 
89.300003 
87.430000 
88.629997 
88.800003 
89.430000 
89.510002 
90.000000 
89.599998 
90.860001 
90.050003 
90.029999 
90.050003 
90.360001 
91.040001 
90.459999 
90.529999 
90.980003 
91.529999 
91.830002 
92.110001 
91.690002 
92.050003 
91.400002 
90.809998 
91.239998 
90.989998 
90.699997 
91.709999 
90.290001 
90.769997 
91.400002 
91.690002 
91.519997 
92.010002 
91.500000 
91.379997 
91.699997 
90.489998 
90.550003 
91.129997 
91.580002 
90.820000 
91.879997 
90.970001 
92.019997 
91.720001 
91.639999 
91.959999 
92.250000 
91.919998 
92.089996 
92.180000 
91.570000 
92.169998 
91.480003 
91.320000 
91.769997 
91.169998 
90.650002 
90.440002 
91.540001 
91.900002 
90.690002 
91.410004 
90.720001 
90.480003 
90.830002 
91.510002 
91.930000 
90.599998 
90.760002 
91.309998 
91.260002 
90.959999 
91.059998 
89.559998 
90.989998 
90.029999 
91.110001 
90.230003 
90.879997 
91.550003 
90.820000 
91.919998 
91.779999 
92.220001 
91.720001 
91.820000 
91.820000 
91.650002 
90.330002 
91.339996 
90.930000 
91.559998 
90.209999 
90.379997 
89.419998 
90.260002 
91.500000 
91.410004 
91.089996 
91.089996 
90.160004 
90.739998 
91.489998 
91.139999 
89.480003 
89.970001 
90.260002 
91.639999 
91.160004 
91.139999 
90.480003 
90.089996 
89.730003 
90.260002 
89.860001 
89.059998 
90.430000 
91.230003 
90.820000 
90.290001 
89.570000 
90.959999 
90.870003 
91.269997 
90.769997 
91.400002 
90.470001 
90.279999 
89.980003 
89.339996 
90.839996 
90.750000 
92.110001 
91.349998 
91.839996 
92.300003 
92.150002 
92.430000 
92.089996 
92.099998 
91.669998 
91.660004 
91.769997 
91.070000 
91.050003 
91.709999 
91.889999 
91.410004 
91.730003 
91.860001 
91.769997 
91.830002 
92.169998 
92.470001 
92.430000 
92.150002 
91.029999 
92.279999 
92.230003 
91.769997 
92.260002 
92.279999 
91.970001 
92.320000 
92.050003 
91.279999 
92.440002 
91.610001 
92.320000 
92.470001 
91.860001 
91.550003 
91.629997 
91.389999 
90.339996 
91.260002 
91.250000 
90.000000 
90.650002 
91.980003 
91.739998 
91.650002 
91.169998 
91.820000 
91.489998 
91.480003 
91.500000 
92.029999 
91.540001 
91.839996 
91.860001 
91.879997 
92.290001 
92.529999 
92.769997 
92.430000 
92.959999 
93.019997 
93.190002 
92.570000 
92.209999 
92.809998 
93.099998 
93.110001 
93.370003 
92.250000 
93.120003 
92.410004 
92.709999 
92.519997 
92.769997 
92.510002 
93.010002 
92.839996 
93.250000 
93.000000 
92.279999 
92.300003 
91.180000 
92.610001 
92.769997 
92.480003 
91.379997 
91.430000 
92.199997 
91.769997 
92.720001 
92.839996 
92.550003 
92.150002 
91.779999 
91.790001 
91.769997 
91.449997 
91.550003 
90.250000 
91.959999 
91.400002 
91.610001 
92.050003 
91.300003 
92.320000 
91.839996 
89.849998 
91.230003 
91.879997 
91.449997 
91.720001 
91.709999 
91.680000 
90.610001 
91.779999 
91.629997 
92.000000 
91.080002 
92.070000 
92.010002 
92.129997 
92.180000 
91.309998 
92.059998 
92.540001 
91.620003 
91.870003 
92.230003 
91.820000 
91.519997 
92.220001 
92.400002 
90.839996 
91.699997 
92.820000 
92.790001 
92.570000 
92.639999 
91.739998 
91.940002 
91.839996 
91.919998 
92.230003 
90.779999 
92.279999 
91.620003 
92.320000 
92.300003 
92.410004 
92.070000 
91.269997 
91.629997 
91.500000 
92.339996 
91.239998 
91.589996 
91.940002 
91.720001 
92.320000 
92.510002 
91.199997 
92.559998 
92.720001 
92.639999 
92.440002 
92.550003 
92.589996 
92.879997 
92.529999 
92.760002 
92.559998 
92.589996 
92.150002 
91.970001 
92.300003 
92.910004 
92.820000 
92.510002 
92.410004 
91.989998 
92.709999 
92.180000 
91.599998 
91.629997 
91.720001 
92.050003 
90.489998 
90.940002 
91.730003 
91.529999 
91.290001 
91.570000 
91.589996 
91.930000 
91.879997 
92.110001 
89.959999 
91.669998 
91.839996 
91.430000 
91.769997 
90.779999 
91.669998 
91.760002 
92.070000 
90.459999 
90.400002 
91.430000 
92.379997 
92.339996 
92.180000 
92.260002 
92.269997 
91.419998 
91.790001 
92.260002 
92.139999 
92.110001 
92.739998 
92.750000 
92.110001 
91.510002 
91.500000 
91.839996 
91.230003 
91.610001 
91.989998 
92.489998 
91.949997 
91.949997 
92.320000 
91.989998 
92.150002 
91.730003 
92.320000 
91.910004 
92.389999 
92.349998 
92.120003 
92.480003 
92.809998 
93.169998 
93.440002 
92.930000 
91.120003 
92.970001 
92.930000 
92.169998 
91.889999 
92.410004 
92.110001 
92.019997 
90.480003 
91.129997 
91.559998 
92.019997 
91.779999 
91.879997 
91.410004 
91.720001 
91.019997 
91.540001 
91.470001 
92.389999 
91.769997 
91.330002 
91.250000 
91.220001 
92.089996 
91.129997 
91.330002 
91.449997 
91.199997 
91.419998 
90.760002 
91.870003 
91.019997 
91.269997 
91.690002 
91.889999 
92.389999 
90.839996 
92.180000 
92.500000 
92.660004 
92.430000 
91.830002 
91.330002 
91.879997 
92.239998 
92.120003 
92.610001 
93.129997 
92.970001 
92.400002 
91.559998 
92.430000 
92.019997 
90.779999 
91.879997 
91.910004 
92.730003 
91.410004 
91.260002 
91.690002 
91.279999 
91.769997 
90.900002 
90.480003 
90.680000 
91.809998 
91.820000 
92.169998 
92.010002 
91.610001 
92.080002 
91.470001 
90.389999 
91.470001 
91.320000 
90.849998 
91.949997 
91.989998 
92.370003 
91.980003 
92.599998 
92.860001 
92.699997 
92.620003 
92.470001 
92.239998 
92.820000 
92.800003 
92.339996 
93.019997 
92.419998 
92.769997 
92.800003 
92.860001 
92.699997 
92.720001 
93.040001 
92.510002 
93.190002 
92.650002 
92.769997 
92.839996 
93.309998 
91.980003 
93.209999 
93.360001 
93.199997 
92.589996 
93.099998 
92.269997 
92.260002 
92.059998 
91.459999 
91.790001 
91.540001 
91.510002 
91.480003 
91.529999 
92.190002 
91.239998 
91.870003 
91.099998 
91.570000 
91.150002 
91.260002 
91.570000 
90.889999 
91.220001 
91.690002 
92.230003 
91.989998 
92.059998 
92.320000 
91.980003 
92.949997 
92.730003 
92.750000 
92.410004 
92.769997 
92.540001 
92.120003 
92.650002 
92.570000 
92.269997 
92.830002 
91.930000 
92.070000 
91.739998 
92.430000 
92.339996 
92.089996 
92.360001 
91.879997 
92.720001 
92.110001 
92.150002 
93.139999 
93.040001 
92.980003 
92.279999 
91.339996 
92.040001 
91.370003 
90.860001 
90.989998 
91.629997 
92.360001 
92.059998 
92.290001 
91.500000 
91.949997 
92.220001 
92.169998 
91.529999 
91.629997 
91.680000 
91.650002 
92.209999 
92.239998 
92.379997 
92.110001 
91.050003 
92.169998 
92.379997 
92.269997 
91.879997 
91.820000 
92.010002 
92.129997 
92.110001 
92.389999 
92.529999 
92.739998 
93.129997 
93.320000 
93.410004 
92.879997 
92.730003 
92.599998 
93.330002 
93.489998 
93.290001 
93.110001 
93.199997 
93.120003 
92.739998 
92.589996 
92.930000 
93.059998 
92.470001 
93.250000 
92.930000 
92.779999 
93.260002 
93.260002 
92.570000 
93.110001 
93.050003 
92.900002 
92.940002 
92.330002 
92.449997 
92.040001 
91.400002 
92.480003 
92.309998 
91.650002 
92.019997 
91.739998 
91.779999 
91.389999 
91.570000 
91.419998 
91.809998 
91.430000 
92.129997 
91.120003 
92.269997 
91.570000 
91.790001 
91.029999 
91.470001 
91.949997 
92.320000 
92.410004 
90.349998 
92.199997 
92.110001 
91.949997 
92.610001 
92.459999 
91.440002 
91.529999 
91.739998 
92.320000 
91.389999 
91.919998 
92.430000 
92.379997 
92.110001 
90.910004 
91.870003 
92.209999 
92.169998 
92.070000 
92.580002 
92.220001 
92.449997 
92.000000 
92.230003 
91.970001 
91.760002 
92.300003 
92.790001 
91.720001 
92.889999 
92.820000 
92.820000 
92.430000 
91.900002 
91.639999 
92.300003 
91.129997 
90.930000 
90.500000 
90.940002 
90.790001 
91.559998 
92.029999 
92.040001 
90.550003 
92.389999 
91.730003 
92.169998 
92.430000 
91.669998 
92.510002 
92.050003 
91.970001 
92.029999 
91.610001 
91.910004 
91.779999 
91.180000 
92.300003 
92.349998 
93.059998 
92.949997 
92.599998 
92.129997 
92.209999 
92.320000 
92.309998 
92.540001 
91.709999 
92.290001 
92.470001 
92.430000 
92.080002 
92.139999 
92.690002 
92.870003 
92.389999 
93.000000 
92.120003 
92.820000 
92.440002 
91.980003 
92.589996 
92.300003 
92.010002 
91.320000 
91.599998 
92.220001 
92.839996 
92.809998 
92.480003 
91.900002 
92.320000 
92.110001 
91.980003 
92.629997 
91.900002 
91.610001 
92.389999 
92.459999 
91.510002 
91.910004 
92.430000 
92.449997 
92.570000 
92.540001 
91.769997 
91.650002 
92.349998 
92.839996 
92.580002 
92.230003 
92.739998 
92.750000 
92.209999 
92.449997 
92.309998 
92.010002 
91.419998 
91.370003 
91.699997 
91.860001 
91.779999 
92.419998 
92.209999 
92.300003 
91.669998 
91.709999 
90.580002 
91.110001 
91.599998 
91.019997 
91.589996 
91.709999 
91.879997 
91.930000 
92.199997 
92.349998 
91.080002 
90.510002 
91.930000 
92.480003 
91.730003 
92.410004 
91.800003 
91.919998 
91.610001 
91.089996 
91.639999 
91.459999 
91.790001 
91.720001 
90.930000 
91.629997 
91.839996 
92.070000 
92.050003 
91.959999 
91.540001 
91.849998 
92.389999 
91.739998 
92.610001 
91.800003 
91.709999 
92.269997 
92.029999 
92.169998 
92.699997 
92.059998 
92.660004 
91.830002 
91.989998 
92.110001 
91.580002 
92.010002 
91.849998 
92.260002 
92.940002 
92.589996 
92.610001 
93.000000 
92.230003 
92.190002 
92.190002 
91.510002 
92.379997 
92.320000 
92.440002 
92.410004 
91.949997 
92.139999 
92.139999 
92.139999 
92.150002 
92.160004 
91.930000 
92.470001 
92.160004 
92.370003 
92.690002 
92.750000 
92.620003 
93.099998 
92.910004 
92.699997 
92.790001 
92.629997 
92.099998 
92.430000 
92.010002 
92.809998 
92.379997 
91.480003 
92.089996 
92.070000 
92.220001 
91.889999 
92.199997 
92.919998 
92.269997 
92.580002 
92.360001 
91.690002 
91.949997 
91.529999 
91.919998 
91.949997 
90.610001 
92.029999 
91.070000 
92.040001 
92.400002 
92.589996 
92.320000 
93.139999 
92.720001 
93.269997 
92.930000 
93.250000 
93.019997 
92.220001 
93.080002 
93.269997 
93.050003 
92.860001 
92.809998 
92.949997 
92.459999 
92.980003 
92.809998 
92.480003 
92.910004 
92.330002 
92.660004 
93.019997 
92.989998 
92.639999 
92.839996 
92.300003 
92.639999 
92.839996 
92.680000 
92.739998 
92.790001 
92.239998 
91.959999 
92.260002 
91.919998 
91.529999 
92.519997 
92.639999 
92.059998 
91.690002 
92.320000 
92.290001 
92.199997 
92.330002 
92.139999 
91.559998 
92.019997 
92.389999 
92.080002 
92.459999 
92.660004 
90.860001 
92.419998 
92.839996 
92.300003 
92.339996 
91.889999 
92.290001 
92.220001 
92.440002 
92.309998 
92.449997 
91.860001 
92.419998 
91.830002 
91.250000 
92.250000 
91.699997 
91.699997 
91.629997 
92.410004 
92.139999 
91.480003 
90.680000 
91.769997 
91.480003 
91.489998 
91.639999 
91.879997 
92.410004 
92.129997 
92.629997 
92.239998 
92.440002 
92.139999 
90.940002 
91.989998 
91.949997 
91.489998 
90.290001 
91.739998 
92.160004 
92.029999 
92.459999 
92.019997 
92.199997 
92.349998 
92.500000 
92.660004 
92.379997 
92.849998 
91.889999 
92.050003 
92.589996 
92.449997 
91.580002 
92.190002 
91.989998 
