69.989998 
89.180000 
91.779999 
93.000000 
93.489998 
93.690002 
94.180000 
94.709999 
95.120003 
95.349998 
95.459999 
95.559998 
95.050003 
95.519997 
95.809998 
95.870003 
95.650002 
96.099998 
96.150002 
96.110001 
96.279999 
96.400002 
96.070000 
96.139999 
96.269997 
96.339996 
96.290001 
96.500000 
96.330002 
96.519997 
96.239998 
96.180000 
96.500000 
96.150002 
96.239998 
96.529999 
96.300003 
96.169998 
96.389999 
96.440002 
96.480003 
96.500000 
96.690002 
96.320000 
96.239998 
96.019997 
95.949997 
96.349998 
96.389999 
96.370003 
96.260002 
96.529999 
96.650002 
96.599998 
96.589996 
96.709999 
96.650002 
96.620003 
96.599998 
96.720001 
96.900002 
96.980003 
96.830002 
96.930000 
96.910004 
96.849998 
96.699997 
96.940002 
96.989998 
96.900002 
96.809998 
96.809998 
96.800003 
96.480003 
96.550003 
96.629997 
96.430000 
96.650002 
96.550003 
96.610001 
96.199997 
96.220001 
96.040001 
96.180000 
96.230003 
96.209999 
96.589996 
96.550003 
96.489998 
96.589996 
96.550003 
96.550003 
96.290001 
96.400002 
96.480003 
96.639999 
96.650002 
96.760002 
96.650002 
96.739998 
96.699997 
96.809998 
96.849998 
96.849998 
96.680000 
96.680000 
96.489998 
96.360001 
96.309998 
96.580002 
96.389999 
96.769997 
96.709999 
96.720001 
96.839996 
96.540001 
96.730003 
96.580002 
96.750000 
96.680000 
96.519997 
96.180000 
96.349998 
96.470001 
96.709999 
96.699997 
96.839996 
96.680000 
96.379997 
96.360001 
96.139999 
96.500000 
96.550003 
96.449997 
96.500000 
96.599998 
96.830002 
96.580002 
96.529999 
96.550003 
96.389999 
96.500000 
96.629997 
96.709999 
96.860001 
96.809998 
96.730003 
96.830002 
96.989998 
96.989998 
97.169998 
96.730003 
96.459999 
96.550003 
96.089996 
96.089996 
96.330002 
96.290001 
96.320000 
96.570000 
96.599998 
96.650002 
96.339996 
96.510002 
96.650002 
96.459999 
96.610001 
96.699997 
96.589996 
96.510002 
96.400002 
96.730003 
96.089996 
96.019997 
95.690002 
95.910004 
96.089996 
95.970001 
95.610001 
95.709999 
95.750000 
95.919998 
95.839996 
95.860001 
96.010002 
96.040001 
96.040001 
96.050003 
95.930000 
95.879997 
95.820000 
95.879997 
95.889999 
95.760002 
95.879997 
95.889999 
95.930000 
95.980003 
96.190002 
96.089996 
96.190002 
96.279999 
96.410004 
96.410004 
96.570000 
96.419998 
96.459999 
96.750000 
96.629997 
96.639999 
96.570000 
96.660004 
96.599998 
96.709999 
96.699997 
96.349998 
96.459999 
96.720001 
96.730003 
96.510002 
96.610001 
96.629997 
96.470001 
96.459999 
96.290001 
96.250000 
96.209999 
96.269997 
96.360001 
96.250000 
96.379997 
96.389999 
96.300003 
96.449997 
96.239998 
96.300003 
96.339996 
96.290001 
96.110001 
96.059998 
95.940002 
95.940002 
95.739998 
95.849998 
96.309998 
96.320000 
96.440002 
96.400002 
96.540001 
96.650002 
96.290001 
96.660004 
96.940002 
96.620003 
96.370003 
96.209999 
96.370003 
96.650002 
96.580002 
96.610001 
96.410004 
96.440002 
96.720001 
96.540001 
96.540001 
96.480003 
96.589996 
96.860001 
96.860001 
96.830002 
96.870003 
96.910004 
96.839996 
96.610001 
96.779999 
96.669998 
96.669998 
96.589996 
96.580002 
96.629997 
96.660004 
96.730003 
96.860001 
96.769997 
96.930000 
96.639999 
96.650002 
96.430000 
96.250000 
96.430000 
95.980003 
96.309998 
96.290001 
96.410004 
96.190002 
96.510002 
96.589996 
96.480003 
96.330002 
96.410004 
96.570000 
96.730003 
96.680000 
96.500000 
96.779999 
96.669998 
96.550003 
95.940002 
96.279999 
96.419998 
96.500000 
96.489998 
96.540001 
96.360001 
96.400002 
96.459999 
96.500000 
96.080002 
96.269997 
95.970001 
96.349998 
96.750000 
96.529999 
96.449997 
96.580002 
96.510002 
96.519997 
96.459999 
96.330002 
96.529999 
96.470001 
96.629997 
96.800003 
96.750000 
96.300003 
96.400002 
96.559998 
96.339996 
96.379997 
96.279999 
96.489998 
96.709999 
96.410004 
96.489998 
96.379997 
95.980003 
96.129997 
96.309998 
96.540001 
96.449997 
96.400002 
96.400002 
96.269997 
96.389999 
96.440002 
96.239998 
96.330002 
96.690002 
96.589996 
96.599998 
96.589996 
96.660004 
96.720001 
96.699997 
96.500000 
96.349998 
96.269997 
96.529999 
96.540001 
96.480003 
96.480003 
96.550003 
96.639999 
96.680000 
96.580002 
96.680000 
96.730003 
96.559998 
96.370003 
96.470001 
96.449997 
96.430000 
96.339996 
96.089996 
95.830002 
96.209999 
96.220001 
96.360001 
96.339996 
96.480003 
96.309998 
96.680000 
96.559998 
96.389999 
96.639999 
96.839996 
96.669998 
96.519997 
96.489998 
96.129997 
96.550003 
96.529999 
96.220001 
96.349998 
96.580002 
96.550003 
96.639999 
96.760002 
96.660004 
96.889999 
96.730003 
96.699997 
97.000000 
96.980003 
97.110001 
97.150002 
97.059998 
96.820000 
96.760002 
97.000000 
96.449997 
96.580002 
96.010002 
95.169998 
96.019997 
96.099998 
96.089996 
95.800003 
96.070000 
96.129997 
96.279999 
96.300003 
96.269997 
96.080002 
96.099998 
96.160004 
95.919998 
96.139999 
96.099998 
96.180000 
96.099998 
96.099998 
96.489998 
96.300003 
96.279999 
96.239998 
96.309998 
96.489998 
96.470001 
96.559998 
96.690002 
96.559998 
96.660004 
96.839996 
96.580002 
96.559998 
96.519997 
96.470001 
96.620003 
96.669998 
96.820000 
96.599998 
96.559998 
96.419998 
96.430000 
96.370003 
96.230003 
96.139999 
96.250000 
96.470001 
96.730003 
96.639999 
96.800003 
96.739998 
96.889999 
97.050003 
96.720001 
96.650002 
96.309998 
96.449997 
96.599998 
96.400002 
96.540001 
96.599998 
96.290001 
96.290001 
96.209999 
96.110001 
96.239998 
96.190002 
96.180000 
96.379997 
96.410004 
96.470001 
96.400002 
96.519997 
96.430000 
96.320000 
96.349998 
96.239998 
96.279999 
96.320000 
96.269997 
96.500000 
96.500000 
96.410004 
96.519997 
96.550003 
96.900002 
96.529999 
96.669998 
96.699997 
96.330002 
96.699997 
96.300003 
96.260002 
96.389999 
96.620003 
96.589996 
96.559998 
96.699997 
96.389999 
96.269997 
96.080002 
95.989998 
95.779999 
95.459999 
95.779999 
96.059998 
96.180000 
95.989998 
96.019997 
96.209999 
96.099998 
96.209999 
96.489998 
96.449997 
96.440002 
95.989998 
96.169998 
96.139999 
96.190002 
96.279999 
96.300003 
96.019997 
96.089996 
96.180000 
96.209999 
96.309998 
96.430000 
96.440002 
96.379997 
96.330002 
96.540001 
96.430000 
96.459999 
96.629997 
96.480003 
96.250000 
96.269997 
96.339996 
96.370003 
96.300003 
96.410004 
96.470001 
96.620003 
96.300003 
96.419998 
96.669998 
96.709999 
96.570000 
96.410004 
96.400002 
96.459999 
96.529999 
96.410004 
96.540001 
96.150002 
96.410004 
96.570000 
96.279999 
96.389999 
96.309998 
96.519997 
96.320000 
96.389999 
96.470001 
96.290001 
96.449997 
96.470001 
96.480003 
96.400002 
96.220001 
96.230003 
96.220001 
96.470001 
96.269997 
95.889999 
95.870003 
96.250000 
96.230003 
95.959999 
96.300003 
96.389999 
96.470001 
96.139999 
96.220001 
96.470001 
96.550003 
96.559998 
96.309998 
96.430000 
96.160004 
96.269997 
96.150002 
96.300003 
96.250000 
96.150002 
96.160004 
96.309998 
96.480003 
96.339996 
96.250000 
96.540001 
96.459999 
96.519997 
96.629997 
96.379997 
96.320000 
96.430000 
96.209999 
96.220001 
96.080002 
96.230003 
96.169998 
96.360001 
96.349998 
95.860001 
95.760002 
95.800003 
95.860001 
96.080002 
96.370003 
96.010002 
96.120003 
96.400002 
96.459999 
96.419998 
96.570000 
96.480003 
96.300003 
96.199997 
96.410004 
96.339996 
96.529999 
96.480003 
96.580002 
96.680000 
96.449997 
96.500000 
96.389999 
96.379997 
96.349998 
96.250000 
96.260002 
96.190002 
96.150002 
96.220001 
96.160004 
96.169998 
96.220001 
96.300003 
96.099998 
96.400002 
96.389999 
96.589996 
96.550003 
96.610001 
96.660004 
96.739998 
96.620003 
96.669998 
96.639999 
96.709999 
96.730003 
96.830002 
96.410004 
96.430000 
96.349998 
96.550003 
96.620003 
96.760002 
96.519997 
96.570000 
96.339996 
96.339996 
96.010002 
95.669998 
96.040001 
95.889999 
95.980003 
96.059998 
96.180000 
96.489998 
96.500000 
96.610001 
96.449997 
96.580002 
96.500000 
96.209999 
96.629997 
96.650002 
96.559998 
96.500000 
96.580002 
96.730003 
96.699997 
96.809998 
96.809998 
96.849998 
96.860001 
96.669998 
96.559998 
96.809998 
96.680000 
96.599998 
96.709999 
96.599998 
96.730003 
96.720001 
96.449997 
96.559998 
96.500000 
96.360001 
96.519997 
96.260002 
96.419998 
96.559998 
96.500000 
96.629997 
96.459999 
96.430000 
96.199997 
96.260002 
96.389999 
96.260002 
96.379997 
96.629997 
96.720001 
96.570000 
96.110001 
96.089996 
96.000000 
95.849998 
95.860001 
95.620003 
95.639999 
95.930000 
96.290001 
96.529999 
96.300003 
96.080002 
96.379997 
96.449997 
96.529999 
96.400002 
96.470001 
96.440002 
96.470001 
96.239998 
96.339996 
96.370003 
96.419998 
96.379997 
96.629997 
96.769997 
96.419998 
96.639999 
96.739998 
96.540001 
96.599998 
96.720001 
96.889999 
96.709999 
96.360001 
96.309998 
96.610001 
96.800003 
96.669998 
96.849998 
96.830002 
96.599998 
96.690002 
96.730003 
96.889999 
96.989998 
97.010002 
96.849998 
97.099998 
97.110001 
97.080002 
96.980003 
96.889999 
96.750000 
96.669998 
96.760002 
96.980003 
96.760002 
96.709999 
96.639999 
96.550003 
96.660004 
96.699997 
96.750000 
96.610001 
96.540001 
96.430000 
96.389999 
96.370003 
96.389999 
96.550003 
96.610001 
96.720001 
96.620003 
96.559998 
96.519997 
96.699997 
96.510002 
96.480003 
96.739998 
96.650002 
96.589996 
96.550003 
96.650002 
96.540001 
96.580002 
96.830002 
96.849998 
96.650002 
96.430000 
96.639999 
96.550003 
96.320000 
96.720001 
96.529999 
96.470001 
96.230003 
96.279999 
96.000000 
96.269997 
96.239998 
96.029999 
96.239998 
96.320000 
96.519997 
96.550003 
96.690002 
96.779999 
96.629997 
96.870003 
96.709999 
96.800003 
96.900002 
96.690002 
96.870003 
96.830002 
97.019997 
96.989998 
97.010002 
97.000000 
96.680000 
96.680000 
96.809998 
96.769997 
96.489998 
96.620003 
96.750000 
96.550003 
96.699997 
96.809998 
96.760002 
96.639999 
96.519997 
96.629997 
96.540001 
96.620003 
96.870003 
96.680000 
96.720001 
97.019997 
97.050003 
96.779999 
96.910004 
96.790001 
96.800003 
96.610001 
96.720001 
96.449997 
96.510002 
96.400002 
96.440002 
96.529999 
96.680000 
96.639999 
96.790001 
96.519997 
96.199997 
96.480003 
96.629997 
96.720001 
96.480003 
96.620003 
96.620003 
96.730003 
96.709999 
96.720001 
96.730003 
96.360001 
96.430000 
96.320000 
96.639999 
96.580002 
96.540001 
96.519997 
96.529999 
96.589996 
96.440002 
96.300003 
96.389999 
96.470001 
96.500000 
96.500000 
96.599998 
96.529999 
96.570000 
96.589996 
96.510002 
96.519997 
96.709999 
96.720001 
96.760002 
96.690002 
96.570000 
96.519997 
96.620003 
96.559998 
96.000000 
96.070000 
96.040001 
96.070000 
96.389999 
96.550003 
96.180000 
96.070000 
96.000000 
96.120003 
96.150002 
96.250000 
96.180000 
96.330002 
96.169998 
96.510002 
96.529999 
96.620003 
96.580002 
96.339996 
96.680000 
96.860001 
96.510002 
96.620003 
96.440002 
96.360001 
96.320000 
96.019997 
96.279999 
96.190002 
96.180000 
96.330002 
96.430000 
96.449997 
96.309998 
96.339996 
96.160004 
96.389999 
96.339996 
96.489998 
96.440002 
96.250000 
96.139999 
96.639999 
96.709999 
96.589996 
96.709999 
96.720001 
96.949997 
96.730003 
96.790001 
96.849998 
97.070000 
96.879997 
