22.290001 
49.669998 
54.490002 
55.630001 
66.320000 
73.260002 
79.410004 
80.580002 
83.769997 
86.430000 
86.099998 
87.029999 
87.339996 
88.209999 
88.400002 
88.120003 
88.199997 
89.379997 
88.959999 
89.279999 
88.949997 
89.540001 
89.349998 
89.540001 
89.129997 
90.180000 
90.209999 
89.529999 
89.669998 
88.800003 
89.379997 
90.339996 
90.459999 
90.879997 
90.959999 
91.019997 
90.930000 
90.889999 
90.839996 
90.910004 
90.389999 
89.750000 
90.800003 
91.160004 
90.830002 
90.860001 
90.440002 
90.940002 
91.199997 
91.260002 
91.269997 
90.870003 
89.589996 
91.800003 
90.529999 
91.330002 
91.470001 
91.610001 
91.820000 
91.769997 
92.260002 
92.029999 
91.720001 
92.139999 
92.370003 
91.779999 
91.889999 
91.940002 
91.860001 
92.260002 
92.129997 
92.080002 
92.150002 
92.480003 
92.589996 
92.150002 
92.459999 
92.449997 
92.309998 
92.070000 
92.040001 
91.949997 
92.000000 
92.330002 
92.250000 
91.860001 
91.980003 
91.949997 
92.379997 
92.089996 
92.419998 
91.339996 
92.930000 
92.839996 
92.949997 
92.660004 
92.769997 
92.220001 
92.199997 
91.959999 
91.519997 
91.959999 
91.349998 
92.000000 
92.169998 
92.099998 
92.139999 
92.010002 
91.410004 
91.820000 
91.750000 
91.699997 
92.019997 
92.089996 
92.129997 
92.220001 
92.940002 
92.690002 
92.279999 
92.370003 
92.209999 
92.040001 
91.750000 
91.440002 
91.769997 
91.550003 
91.370003 
90.260002 
90.690002 
92.000000 
91.570000 
90.980003 
90.879997 
91.760002 
91.160004 
90.930000 
91.209999 
90.940002 
91.139999 
90.459999 
90.550003 
91.300003 
90.900002 
91.080002 
90.370003 
91.680000 
91.800003 
91.730003 
91.820000 
92.019997 
91.620003 
92.220001 
91.860001 
91.449997 
92.419998 
92.169998 
91.739998 
91.889999 
91.599998 
91.169998 
91.529999 
91.720001 
91.730003 
92.250000 
92.040001 
92.120003 
91.870003 
91.820000 
92.220001 
92.540001 
91.989998 
92.080002 
92.339996 
92.430000 
92.309998 
92.260002 
91.790001 
91.089996 
92.150002 
92.110001 
91.919998 
92.629997 
92.690002 
92.669998 
92.070000 
91.980003 
92.339996 
92.610001 
92.750000 
92.639999 
92.870003 
93.019997 
93.300003 
93.089996 
92.430000 
92.470001 
93.110001 
92.550003 
92.349998 
92.769997 
92.889999 
93.139999 
92.760002 
92.489998 
92.720001 
92.379997 
92.669998 
92.459999 
92.300003 
92.120003 
91.779999 
92.290001 
92.290001 
92.669998 
92.519997 
92.230003 
92.070000 
91.550003 
92.430000 
92.410004 
92.349998 
92.570000 
92.699997 
92.599998 
92.540001 
92.610001 
92.779999 
92.720001 
91.800003 
92.339996 
92.550003 
92.699997 
92.779999 
92.680000 
92.889999 
92.639999 
92.930000 
92.790001 
92.550003 
92.730003 
93.040001 
93.059998 
92.970001 
92.480003 
92.000000 
92.470001 
92.550003 
92.339996 
92.029999 
92.080002 
90.720001 
92.050003 
91.919998 
92.290001 
92.260002 
92.389999 
92.040001 
92.209999 
92.279999 
92.320000 
92.809998 
92.680000 
92.910004 
92.860001 
92.750000 
92.699997 
92.650002 
91.940002 
92.320000 
92.489998 
92.379997 
92.540001 
92.180000 
92.570000 
92.570000 
92.559998 
92.300003 
92.550003 
92.540001 
92.379997 
92.660004 
92.550003 
92.620003 
92.629997 
93.279999 
93.040001 
92.720001 
92.980003 
92.559998 
92.769997 
93.010002 
92.739998 
92.279999 
92.180000 
91.879997 
92.000000 
92.699997 
92.559998 
92.370003 
92.580002 
92.440002 
92.470001 
92.830002 
92.470001 
92.910004 
92.599998 
92.970001 
92.489998 
91.879997 
92.019997 
92.730003 
92.529999 
92.790001 
91.779999 
92.720001 
92.290001 
92.269997 
92.720001 
92.650002 
92.750000 
92.339996 
91.800003 
91.760002 
92.870003 
92.510002 
91.720001 
91.660004 
91.580002 
91.300003 
92.239998 
92.110001 
92.029999 
92.239998 
92.120003 
92.239998 
92.199997 
92.540001 
92.629997 
92.940002 
92.660004 
92.459999 
92.790001 
92.790001 
92.680000 
93.029999 
92.900002 
92.599998 
92.400002 
92.690002 
92.470001 
92.480003 
92.430000 
92.760002 
92.489998 
92.809998 
92.339996 
92.550003 
92.839996 
92.580002 
92.230003 
92.150002 
92.010002 
91.639999 
91.639999 
89.400002 
91.440002 
91.620003 
92.360001 
92.440002 
92.260002 
92.339996 
92.129997 
92.279999 
92.269997 
92.589996 
92.519997 
92.599998 
92.779999 
92.699997 
91.279999 
92.639999 
92.830002 
92.660004 
92.739998 
93.230003 
92.930000 
93.500000 
92.919998 
92.699997 
92.720001 
92.820000 
92.849998 
92.820000 
92.339996 
92.620003 
91.959999 
92.339996 
92.269997 
90.410004 
92.489998 
92.720001 
92.699997 
92.800003 
92.989998 
93.129997 
92.839996 
93.080002 
93.150002 
92.790001 
92.440002 
93.250000 
92.919998 
92.959999 
92.449997 
93.139999 
92.980003 
92.940002 
93.150002 
93.250000 
93.349998 
93.029999 
93.330002 
93.400002 
93.419998 
93.459999 
93.260002 
93.349998 
92.989998 
92.589996 
92.690002 
92.660004 
92.459999 
92.589996 
93.029999 
92.980003 
92.849998 
93.209999 
93.110001 
93.449997 
93.230003 
92.660004 
92.879997 
92.279999 
92.769997 
92.410004 
92.160004 
92.750000 
92.629997 
92.919998 
92.540001 
92.930000 
92.889999 
92.500000 
92.599998 
91.750000 
92.110001 
92.050003 
92.599998 
92.470001 
92.860001 
92.629997 
92.709999 
92.320000 
92.410004 
91.629997 
92.139999 
91.970001 
92.099998 
92.620003 
92.889999 
93.050003 
92.379997 
93.260002 
93.330002 
92.839996 
92.980003 
93.129997 
93.279999 
92.980003 
93.099998 
93.330002 
93.349998 
93.559998 
93.540001 
93.599998 
93.599998 
93.440002 
93.349998 
93.339996 
92.790001 
92.800003 
93.190002 
93.419998 
93.160004 
93.279999 
92.779999 
92.989998 
92.470001 
92.160004 
92.330002 
92.349998 
92.360001 
91.830002 
91.800003 
92.269997 
92.430000 
92.410004 
92.500000 
92.739998 
92.589996 
92.820000 
92.769997 
92.599998 
92.870003 
92.019997 
92.269997 
92.180000 
92.419998 
91.699997 
92.290001 
92.300003 
92.489998 
91.690002 
92.510002 
92.449997 
92.410004 
92.779999 
92.809998 
92.720001 
92.830002 
92.739998 
92.040001 
92.230003 
92.190002 
92.260002 
92.000000 
91.720001 
91.930000 
91.730003 
91.120003 
91.730003 
92.110001 
92.400002 
92.550003 
92.190002 
91.879997 
91.860001 
91.980003 
91.889999 
91.470001 
91.940002 
91.980003 
92.639999 
92.470001 
91.779999 
92.519997 
92.690002 
92.519997 
92.529999 
92.510002 
92.839996 
92.599998 
92.540001 
92.269997 
92.349998 
92.400002 
91.949997 
91.970001 
92.150002 
92.470001 
92.709999 
93.040001 
93.059998 
92.010002 
92.830002 
92.650002 
93.010002 
92.769997 
92.940002 
92.099998 
92.120003 
91.849998 
92.459999 
92.209999 
92.639999 
92.889999 
92.599998 
92.550003 
92.650002 
92.910004 
92.680000 
93.230003 
93.139999 
93.419998 
93.349998 
93.110001 
92.650002 
92.580002 
93.070000 
92.809998 
92.599998 
93.120003 
92.339996 
92.849998 
92.730003 
92.680000 
93.080002 
92.180000 
93.440002 
93.430000 
93.559998 
93.750000 
93.699997 
93.510002 
93.360001 
93.620003 
93.589996 
93.480003 
92.970001 
92.989998 
92.699997 
93.290001 
92.660004 
93.019997 
92.989998 
93.199997 
93.209999 
92.970001 
92.650002 
92.800003 
91.989998 
92.040001 
92.230003 
92.239998 
92.230003 
92.510002 
92.309998 
92.620003 
92.910004 
92.639999 
92.779999 
93.180000 
92.970001 
92.889999 
93.290001 
92.800003 
92.699997 
92.580002 
92.739998 
93.029999 
92.589996 
92.580002 
92.309998 
92.889999 
92.570000 
92.519997 
92.690002 
92.589996 
92.900002 
92.629997 
92.720001 
92.639999 
92.480003 
92.750000 
92.480003 
92.419998 
92.410004 
92.419998 
92.720001 
92.389999 
92.940002 
92.739998 
92.839996 
92.820000 
92.750000 
92.889999 
92.870003 
92.709999 
92.930000 
93.129997 
93.059998 
93.000000 
93.059998 
93.269997 
93.290001 
93.330002 
93.070000 
92.589996 
92.629997 
92.300003 
92.529999 
92.629997 
93.050003 
92.879997 
92.860001 
93.269997 
93.000000 
92.480003 
92.820000 
91.589996 
92.589996 
92.889999 
92.529999 
92.309998 
92.430000 
92.620003 
92.860001 
93.010002 
92.970001 
93.010002 
92.849998 
92.970001 
92.580002 
92.400002 
92.190002 
91.470001 
92.230003 
92.019997 
91.910004 
92.730003 
92.089996 
92.599998 
92.940002 
92.930000 
92.360001 
92.529999 
92.459999 
92.779999 
92.709999 
93.220001 
93.279999 
93.180000 
93.230003 
92.980003 
92.580002 
93.040001 
93.050003 
93.260002 
93.379997 
93.449997 
93.029999 
92.680000 
92.559998 
92.910004 
92.739998 
92.610001 
92.809998 
93.019997 
93.400002 
93.269997 
93.320000 
92.949997 
92.760002 
92.099998 
93.309998 
92.699997 
92.900002 
93.419998 
93.260002 
93.239998 
93.139999 
92.529999 
92.400002 
92.360001 
92.680000 
92.760002 
92.959999 
92.650002 
92.820000 
92.949997 
92.860001 
92.330002 
92.220001 
92.440002 
92.480003 
92.269997 
92.150002 
92.589996 
92.519997 
92.440002 
92.839996 
93.019997 
92.779999 
92.680000 
92.849998 
92.959999 
92.910004 
93.199997 
92.550003 
92.820000 
92.620003 
92.669998 
92.680000 
92.279999 
92.750000 
92.860001 
91.989998 
92.750000 
92.099998 
92.610001 
92.550003 
92.279999 
92.459999 
92.269997 
92.970001 
92.870003 
92.830002 
92.809998 
92.720001 
92.269997 
92.440002 
92.410004 
92.209999 
92.279999 
92.099998 
92.410004 
91.959999 
91.769997 
92.900002 
93.000000 
93.379997 
93.139999 
93.129997 
92.610001 
92.889999 
92.470001 
92.889999 
92.650002 
92.570000 
93.000000 
93.260002 
92.610001 
92.910004 
92.849998 
92.610001 
93.290001 
92.940002 
93.070000 
93.000000 
92.910004 
92.930000 
92.580002 
92.610001 
92.860001 
92.279999 
93.019997 
92.769997 
92.750000 
92.889999 
93.000000 
92.260002 
92.320000 
92.410004 
92.480003 
92.099998 
92.309998 
92.129997 
92.459999 
91.800003 
92.089996 
91.870003 
92.260002 
92.349998 
92.620003 
92.709999 
93.050003 
92.830002 
92.839996 
91.620003 
92.830002 
92.940002 
92.930000 
92.800003 
93.029999 
92.559998 
92.830002 
92.599998 
92.620003 
93.110001 
92.830002 
92.760002 
93.110001 
92.989998 
92.709999 
93.000000 
93.239998 
93.449997 
93.279999 
93.370003 
93.510002 
93.739998 
93.339996 
93.720001 
93.650002 
93.000000 
93.089996 
93.010002 
93.550003 
93.150002 
93.230003 
92.599998 
93.389999 
93.489998 
92.790001 
93.040001 
93.029999 
92.820000 
92.800003 
92.989998 
92.519997 
92.540001 
91.820000 
92.459999 
92.050003 
92.230003 
92.830002 
92.330002 
93.339996 
93.000000 
93.190002 
92.440002 
93.430000 
93.690002 
93.639999 
93.440002 
93.370003 
93.370003 
92.919998 
92.919998 
92.690002 
92.629997 
92.419998 
92.809998 
92.720001 
92.919998 
92.709999 
92.320000 
92.949997 
92.680000 
92.489998 
92.779999 
92.419998 
91.680000 
92.400002 
92.639999 
93.019997 
93.489998 
93.029999 
93.410004 
93.150002 
93.370003 
93.290001 
92.690002 
92.529999 
93.029999 
93.139999 
92.970001 
92.029999 
92.720001 
92.639999 
93.019997 
93.290001 
93.110001 
93.029999 
93.370003 
93.440002 
93.320000 
93.379997 
93.480003 
93.589996 
93.489998 
93.339996 
93.419998 
93.010002 
92.989998 
92.919998 
92.959999 
93.290001 
93.349998 
92.849998 
93.360001 
93.339996 
93.230003 
93.489998 
93.139999 
92.550003 
92.480003 
92.949997 
93.019997 
92.779999 
93.019997 
92.989998 
93.220001 
93.180000 
92.930000 
93.000000 
92.900002 
93.269997 
92.940002 
93.339996 
