12.740000
16.570000
19.360001
17.760000
22.160000
23.799999
25.540001
25.150000
27.790001
28.230000
31.570000
31.650000
31.250000
25.660000
23.750000
23.700001
21.760000
21.990000
21.580000
21.500000
21.170000
21.520000
21.350000
21.049999
21.080000
21.070000
21.070000
21.170000
22.690001
24.320000
29.580000
33.360001
34.090000
39.320000
40.900002
44.509998
44.419998
48.590000
52.250000
56.669998
58.889999
58.480000
61.779999
61.139999
62.799999
63.700001
65.500000
67.199997
66.820000
67.620003
69.730003
71.070000
72.480003
73.150002
74.730003
74.440002
75.430000
75.529999
75.470001
76.709999
77.330002
77.339996
78.239998
78.949997
79.110001
78.220001
77.760002
77.970001
78.480003
79.519997
79.889999
79.050003
79.769997
79.660004
80.349998
80.379997
81.089996
80.639999
80.930000
80.040001
78.790001
78.959999
80.360001
80.059998
80.309998
80.169998
80.220001
80.250000
80.750000
80.410004
79.730003
79.419998
80.010002
80.099998
81.029999
79.940002
79.360001
79.599998
79.349998
79.059998
