20.059999 
37.380001 
62.590000 
70.400002 
77.250000 
81.199997 
83.000000 
83.449997 
86.150002 
87.500000 
86.779999 
88.769997 
88.709999 
90.230003 
90.550003 
91.500000 
91.180000 
91.550003 
91.900002 
92.519997 
92.779999 
92.620003 
92.940002 
93.550003 
93.599998 
93.660004 
94.040001 
94.059998 
94.379997 
94.510002 
94.580002 
94.650002 
94.639999 
95.139999 
94.989998 
94.919998 
95.010002 
94.930000 
95.169998 
95.190002 
95.419998 
95.349998 
95.580002 
95.470001 
95.589996 
95.550003 
95.540001 
95.870003 
95.760002 
95.790001 
95.919998 
95.790001 
95.930000 
96.110001 
96.099998 
96.139999 
96.320000 
96.339996 
96.269997 
96.320000 
96.339996 
96.410004 
96.489998 
96.459999 
96.519997 
96.559998 
96.669998 
96.690002 
96.690002 
96.680000 
96.730003 
96.760002 
96.760002 
96.910004 
96.750000 
96.720001 
96.889999 
96.940002 
96.940002 
96.970001 
96.919998 
96.949997 
97.000000 
97.000000 
97.029999 
96.980003 
97.050003 
97.120003 
96.989998 
97.070000 
97.129997 
97.110001 
97.199997 
97.059998 
97.250000 
97.239998 
97.250000 
97.320000 
97.349998 
97.279999 
12.060000 
14.930000 
16.860001 
17.559999 
19.830000 
20.860001 
21.740000 
22.260000 
21.760000 
23.559999 
27.120001 
34.980000 
38.869999 
42.630001 
51.110001 
55.009998 
58.900002 
62.580002 
65.730003 
68.379997 
69.570000 
71.459999 
72.570000 
73.889999 
75.349998 
76.330002 
78.190002 
79.279999 
80.220001 
82.230003 
81.400002 
83.500000 
83.709999 
83.769997 
84.360001 
85.190002 
85.559998 
86.110001 
86.230003 
86.410004 
86.510002 
86.739998 
87.309998 
87.150002 
87.379997 
87.820000 
87.760002 
88.040001 
88.650002 
88.790001 
89.139999 
89.080002 
89.320000 
89.419998 
89.330002 
89.360001 
89.989998 
89.959999 
89.889999 
89.820000 
90.050003 
90.099998 
90.650002 
90.449997 
90.400002 
90.529999 
89.480003 
90.629997 
90.849998 
90.860001 
90.949997 
90.989998 
91.059998 
91.059998 
91.220001 
91.269997 
91.360001 
91.419998 
90.440002 
91.339996 
91.300003 
91.529999 
91.570000 
91.599998 
91.940002 
91.870003 
91.900002 
91.940002 
91.989998 
92.059998 
91.930000 
92.129997 
92.010002 
92.260002 
92.519997 
92.300003 
91.910004 
92.230003 
92.500000 
92.669998 
11.600000 
11.590000 
11.620000 
11.630000 
11.630000 
11.650000 
11.650000 
11.690000 
11.690000 
11.700000 
11.760000 
11.800000 
11.790000 
11.810000 
11.820000 
11.820000 
11.860000 
11.890000 
11.910000 
11.940000 
11.940000 
11.940000 
11.960000 
12.020000 
12.020000 
12.080000 
12.080000 
12.070000 
12.150000 
12.200000 
12.220000 
12.220000 
12.290000 
12.310000 
12.340000 
12.360000 
12.380000 
12.380000 
12.390000 
12.400000 
12.440000 
12.510000 
12.440000 
12.500000 
12.530000 
12.580000 
12.600000 
12.620000 
12.620000 
12.640000 
12.650000 
12.630000 
12.660000 
12.650000 
12.660000 
12.710000 
12.760000 
12.790000 
12.870000 
12.860000 
12.880000 
12.990000 
13.040000 
13.020000 
13.080000 
13.100000 
13.180000 
13.230000 
13.300000 
13.370000 
13.320000 
13.420000 
13.530000 
13.610000 
13.720000 
13.770000 
13.880000 
13.990000 
14.100000 
14.230000 
14.360000 
14.460000 
14.460000 
14.740000 
14.760000 
15.050000 
15.320000 
15.580000 
15.840000 
16.299999 
16.540001 
16.750000 
17.059999 
17.299999 
17.469999 
17.639999 
17.940001 
18.440001 
18.709999 
19.070000 
