89.720001 
92.900002 
94.410004 
95.660004 
96.080002 
96.349998 
96.690002 
96.790001 
97.019997 
97.050003 
97.209999 
97.290001 
97.459999 
97.559998 
97.510002 
97.589996 
97.540001 
97.739998 
97.769997 
97.860001 
97.889999 
97.879997 
97.930000 
98.080002 
98.089996 
98.070000 
98.139999 
98.059998 
98.089996 
98.120003 
98.199997 
98.320000 
98.269997 
98.250000 
98.239998 
98.220001 
98.320000 
98.400002 
98.309998 
98.400002 
98.360001 
98.410004 
98.389999 
98.419998 
98.459999 
98.480003 
98.459999 
98.370003 
98.510002 
98.480003 
98.470001 
98.449997 
98.500000 
98.519997 
98.500000 
98.610001 
98.500000 
98.559998 
98.500000 
98.599998 
98.540001 
98.570000 
98.440002 
98.500000 
98.599998 
98.540001 
98.550003 
98.599998 
98.589996 
98.540001 
98.620003 
98.489998 
98.519997 
98.620003 
98.550003 
98.580002 
98.610001 
98.639999 
98.610001 
98.650002 
98.690002 
98.610001 
98.709999 
98.699997 
98.720001 
98.660004 
98.730003 
98.699997 
98.620003 
98.779999 
98.720001 
98.709999 
98.779999 
98.650002 
98.720001 
98.690002 
98.709999 
98.739998 
98.739998 
98.699997 
80.879997 
88.160004 
90.419998 
92.400002 
93.360001 
94.500000 
94.769997 
95.150002 
95.570000 
95.589996 
95.900002 
96.080002 
96.220001 
96.360001 
96.550003 
96.720001 
96.699997 
96.639999 
96.830002 
96.910004 
96.980003 
96.919998 
97.010002 
97.029999 
97.190002 
97.330002 
97.339996 
97.320000 
97.419998 
97.339996 
97.379997 
97.519997 
97.570000 
97.580002 
97.680000 
97.570000 
97.680000 
97.760002 
97.639999 
97.739998 
97.860001 
97.690002 
97.790001 
97.800003 
97.760002 
97.779999 
97.720001 
97.680000 
97.820000 
97.889999 
98.010002 
98.000000 
98.070000 
97.919998 
97.970001 
97.889999 
98.029999 
97.980003 
98.059998 
98.099998 
98.110001 
98.080002 
98.029999 
98.089996 
98.050003 
98.209999 
98.220001 
98.150002 
98.110001 
98.150002 
98.209999 
98.239998 
98.180000 
98.190002 
98.300003 
98.230003 
98.000000 
98.320000 
98.230003 
98.190002 
98.230003 
98.199997 
98.230003 
98.290001 
98.339996 
98.290001 
98.370003 
98.309998 
98.220001 
98.010002 
98.330002 
98.379997 
98.320000 
97.980003 
98.309998 
98.300003 
98.459999 
98.279999 
98.309998 
98.400002 
16.820000 
35.849998 
48.939999 
64.339996 
70.370003 
72.500000 
76.519997 
81.839996 
83.970001 
85.449997 
86.629997 
86.959999 
87.800003 
88.660004 
88.400002 
89.279999 
90.050003 
89.779999 
90.690002 
90.669998 
90.849998 
91.110001 
91.300003 
91.510002 
91.750000 
91.730003 
92.050003 
92.180000 
92.330002 
92.410004 
92.629997 
92.510002 
92.690002 
92.190002 
92.809998 
93.150002 
93.150002 
93.099998 
93.099998 
93.370003 
93.430000 
93.589996 
93.839996 
93.760002 
93.650002 
93.730003 
93.739998 
93.839996 
94.029999 
94.099998 
94.080002 
94.080002 
94.190002 
94.330002 
94.440002 
94.320000 
94.230003 
94.459999 
94.449997 
94.480003 
94.330002 
94.519997 
94.580002 
94.690002 
94.760002 
94.750000 
94.800003 
94.820000 
94.970001 
94.820000 
94.989998 
95.029999 
95.089996 
95.110001 
95.199997 
95.160004 
95.139999 
95.220001 
95.230003 
95.339996 
95.279999 
95.300003 
95.440002 
95.440002 
95.510002 
95.500000 
95.500000 
95.430000 
95.629997 
95.620003 
95.650002 
95.440002 
95.650002 
95.550003 
95.629997 
95.739998 
95.900002 
95.900002 
95.930000 
95.830002 
