73.190002 
84.309998 
89.949997 
92.120003 
93.370003 
93.940002 
94.599998 
94.949997 
95.410004 
95.800003 
95.849998 
95.860001 
95.980003 
96.370003 
96.470001 
96.540001 
96.660004 
96.910004 
96.980003 
97.050003 
97.000000 
97.180000 
97.320000 
97.389999 
97.550003 
97.500000 
97.519997 
97.430000 
97.419998 
97.510002 
97.580002 
97.580002 
97.589996 
97.660004 
97.739998 
97.750000 
97.849998 
97.889999 
97.800003 
97.989998 
97.879997 
97.989998 
98.029999 
98.010002 
97.930000 
97.949997 
98.019997 
98.040001 
97.949997 
98.089996 
97.970001 
98.000000 
98.129997 
98.040001 
98.050003 
98.199997 
98.220001 
98.169998 
98.230003 
98.239998 
98.250000 
98.220001 
98.199997 
98.269997 
98.279999 
98.330002 
98.339996 
98.339996 
98.290001 
98.330002 
98.360001 
98.330002 
98.330002 
98.330002 
98.320000 
98.440002 
98.370003 
98.389999 
98.349998 
98.489998 
98.440002 
98.449997 
98.379997 
98.389999 
98.360001 
98.400002 
98.410004 
98.330002 
98.440002 
98.400002 
98.430000 
98.480003 
98.480003 
98.459999 
98.440002 
98.470001 
98.459999 
98.510002 
98.510002 
98.510002 
24.440001 
53.080002 
67.370003 
75.339996 
80.959999 
85.089996 
87.470001 
88.510002 
90.080002 
90.989998 
91.580002 
91.720001 
92.300003 
92.610001 
92.870003 
93.059998 
93.379997 
93.379997 
93.599998 
93.930000 
93.910004 
94.250000 
94.160004 
94.239998 
94.449997 
94.459999 
94.480003 
94.889999 
94.800003 
94.820000 
95.050003 
95.150002 
95.260002 
95.410004 
95.239998 
95.419998 
95.589996 
95.639999 
95.639999 
95.809998 
95.860001 
95.940002 
95.930000 
96.050003 
95.980003 
96.120003 
96.160004 
96.190002 
96.230003 
96.209999 
96.099998 
96.300003 
96.269997 
96.290001 
96.500000 
96.410004 
96.610001 
96.629997 
96.620003 
96.629997 
96.669998 
96.690002 
96.830002 
96.739998 
96.739998 
96.870003 
96.870003 
96.839996 
96.900002 
96.860001 
96.959999 
96.989998 
97.019997 
97.019997 
97.029999 
97.059998 
97.000000 
97.010002 
97.110001 
97.080002 
97.110001 
97.029999 
97.169998 
97.089996 
97.160004 
97.169998 
97.260002 
97.250000 
97.260002 
97.349998 
97.230003 
97.250000 
97.279999 
97.169998 
97.349998 
97.330002 
97.379997 
97.330002 
97.290001 
97.309998 
7.360000 
11.010000 
14.240000 
16.389999 
17.570000 
19.040001 
19.850000 
21.110001 
23.910000 
27.650000 
32.240002 
35.630001 
40.459999 
43.080002 
46.009998 
48.930000 
50.330002 
52.270000 
53.490002 
54.290001 
55.709999 
57.090000 
58.439999 
58.740002 
59.529999 
60.650002 
63.259998 
65.620003 
66.160004 
67.529999 
68.650002 
70.839996 
71.129997 
72.430000 
72.849998 
74.290001 
75.019997 
76.809998 
77.699997 
77.730003 
78.669998 
79.599998 
80.930000 
80.879997 
82.129997 
82.449997 
82.529999 
82.699997 
83.809998 
83.980003 
84.110001 
84.529999 
84.750000 
85.370003 
85.470001 
85.779999 
85.800003 
86.190002 
86.650002 
86.769997 
86.739998 
87.260002 
87.419998 
87.529999 
87.459999 
88.050003 
87.860001 
88.230003 
88.480003 
88.470001 
88.480003 
88.459999 
88.720001 
88.779999 
89.139999 
89.199997 
89.199997 
89.410004 
89.500000 
89.389999 
89.559998 
89.790001 
89.730003 
89.910004 
90.059998 
90.080002 
90.220001 
90.300003 
90.550003 
90.510002 
90.419998 
90.540001 
90.410004 
90.760002 
90.760002 
90.900002 
90.889999 
90.849998 
91.059998 
91.000000 
