12.760000 
17.080000 
24.480000 
35.000000 
46.180000 
55.650002 
63.000000 
66.320000 
67.709999 
71.160004 
72.230003 
75.970001 
78.040001 
80.550003 
82.199997 
84.300003 
85.250000 
85.629997 
86.300003 
86.919998 
87.150002 
87.709999 
88.300003 
89.000000 
88.900002 
89.190002 
89.570000 
89.820000 
90.190002 
90.589996 
90.519997 
90.830002 
90.989998 
91.379997 
91.279999 
91.580002 
91.599998 
91.660004 
91.910004 
92.050003 
92.050003 
92.320000 
92.290001 
92.459999 
92.620003 
92.610001 
92.660004 
92.769997 
92.739998 
92.589996 
92.750000 
92.900002 
92.959999 
92.949997 
92.900002 
93.099998 
93.000000 
93.260002 
93.120003 
93.290001 
93.400002 
93.510002 
93.669998 
93.550003 
93.720001 
93.650002 
93.720001 
93.949997 
94.000000 
94.010002 
94.040001 
94.099998 
94.180000 
94.019997 
94.320000 
94.199997 
94.290001 
94.339996 
94.290001 
94.550003 
94.540001 
94.660004 
94.669998 
94.629997 
94.730003 
94.699997 
94.709999 
94.720001 
94.680000 
94.959999 
94.910004 
94.959999 
94.860001 
94.970001 
95.230003 
95.099998 
95.220001 
95.180000 
95.150002 
95.110001 
