95.49
96.94
97.43
97.79
97.93
98.07
98.27
98.33
98.33
98.44
98.52
98.54
98.62
98.63
98.71
98.79
98.79
98.77
98.85
98.81
98.75
98.85
98.91
98.81
98.84
98.86
98.87
98.91
98.89
98.92
98.98
98.98
98.98
98.97
98.97
99.0
98.93
98.99
98.92
98.97
98.98
99.02
98.95
98.93
98.98
98.99
99.02
98.96
98.99
99.0
99.04
99.03
99.08
98.96
99.01
98.99
99.07
99.01
99.11
99.08
99.03
99.08
99.05
99.04
99.0
98.99
99.07
99.03
99.03
99.06
99.06
99.08
99.11
99.06
98.99
99.13
99.11
99.11
99.15
99.04
99.06
99.09
99.08
98.96
99.07
99.09
99.11
99.07
99.06
99.14
99.11
99.14
99.09
99.13
99.1
99.08
99.16
99.1
99.08
99.13
