93.379997 
96.019997 
96.779999 
97.239998 
97.440002 
97.809998 
97.839996 
97.970001 
98.070000 
98.110001 
98.269997 
98.290001 
98.269997 
98.220001 
98.330002 
98.419998 
98.339996 
98.440002 
98.389999 
98.489998 
98.570000 
98.519997 
98.470001 
98.459999 
98.680000 
98.599998 
98.650002 
98.610001 
98.680000 
98.629997 
98.680000 
98.739998 
98.720001 
98.739998 
98.769997 
98.650002 
98.779999 
98.779999 
98.809998 
98.809998 
98.830002 
98.730003 
98.809998 
98.820000 
98.779999 
98.800003 
98.860001 
98.839996 
98.830002 
98.760002 
98.769997 
98.839996 
98.790001 
98.849998 
98.809998 
98.839996 
98.830002 
98.889999 
98.889999 
98.900002 
98.889999 
99.000000 
98.940002 
98.919998 
98.879997 
98.889999 
98.830002 
98.930000 
98.889999 
98.930000 
98.949997 
98.910004 
98.860001 
98.910004 
98.860001 
98.940002 
98.930000 
98.949997 
99.019997 
98.930000 
98.980003 
98.980003 
98.910004 
99.029999 
98.980003 
99.010002 
98.919998 
98.940002 
98.970001 
99.010002 
98.970001 
98.970001 
99.000000 
99.000000 
99.000000 
98.980003 
99.019997 
98.949997 
98.980003 
98.970001 
