20.06
37.38
62.59
70.4
77.25
81.2
83
83.45
86.15
87.5
86.78
88.77
88.71
90.23
90.55
91.5
91.18
91.55
91.9
92.52
92.78
92.62
92.94
93.55
93.6
93.66
94.04
94.06
94.38
94.51
94.58
94.65
94.64
95.14
94.99
94.92
95.01
94.93
95.17
95.19
95.42
95.35
95.58
95.47
95.59
95.55
95.54
95.87
95.76
95.79
95.92
95.79
95.93
96.11
96.1
96.14
96.32
96.34
96.27
96.32
96.34
96.41
96.49
96.46
96.52
96.56
96.67
96.69
96.69
96.68
96.73
96.76
96.76
96.91
96.75
96.72
96.89
96.94
96.94
96.97
96.92
96.95
97
97
97.03
96.98
97.05
97.12
96.99
97.07
97.13
97.11
97.2
97.06
97.25
97.24
97.25
97.32
97.35
97.28
