60.41
78.13
85.52
88.94
90.82
92.17
92.69
93.58
94.13
94.46
94.84
95.18
95.38
95.57
95.81
96.04
96.17
96.25
96.39
96.53
96.67
96.73
96.82
96.9
96.94
97.02
97.11
97.04
97.18
97.22
97.25
97.29
97.34
97.33
97.4
97.49
97.5
97.55
97.57
97.6
97.59
97.7
97.72
97.79
97.76
97.82
97.87
97.87
97.88
97.94
97.95
97.94
97.91
98.01
98.04
98.03
98.05
97.98
98.05
98.07
98.07
98.11
98.1
98.1
98.14
98.15
98.16
98.21
98.19
98.17
98.18
98.18
98.21
98.24
98.21
98.23
98.27
98.25
98.29
98.31
98.29
98.34
98.31
98.29
98.31
98.33
98.31
98.36
98.37
98.44
98.38
98.38
98.41
98.41
98.42
98.37
98.45
98.44
98.43
98.42
