87.28
92.31
94.05
94.85
95.34
95.82
96.19
96.44
96.62
96.88
97.06
97.3
97.38
97.43
97.41
97.5
97.66
97.74
97.74
97.83
97.9
97.93
97.96
98.05
98.13
98.12
98.24
98.29
98.36
98.28
98.31
98.36
98.41
98.45
98.41
98.49
98.51
98.48
98.44
98.55
98.53
98.53
98.58
98.59
98.55
98.61
98.63
98.61
98.66
98.66
98.65
98.62
98.7
98.72
98.71
98.65
98.72
98.73
98.71
98.77
98.75
98.79
98.84
98.79
98.75
98.75
98.82
98.77
98.73
98.77
98.84
98.83
98.85
98.81
98.76
98.76
98.74
98.87
98.82
98.84
98.83
98.85
98.87
98.86
98.86
98.91
98.9
98.89
98.87
98.9
98.9
98.97
98.93
98.94
98.92
98.95
98.98
98.94
98.92
98.9
