85.529999 
90.820000 
93.169998 
94.680000 
95.279999 
95.769997 
96.220001 
96.480003 
96.680000 
97.010002 
97.040001 
97.129997 
97.239998 
97.300003 
97.440002 
97.550003 
97.709999 
97.720001 
97.739998 
97.629997 
97.849998 
97.720001 
97.919998 
97.940002 
98.029999 
98.110001 
98.139999 
98.129997 
98.220001 
98.320000 
98.190002 
98.269997 
98.180000 
98.099998 
98.360001 
98.300003 
98.339996 
98.349998 
98.389999 
98.459999 
98.379997 
98.419998 
98.440002 
98.510002 
98.529999 
98.489998 
98.570000 
98.540001 
98.529999 
98.559998 
98.529999 
98.620003 
98.519997 
98.580002 
98.629997 
98.620003 
98.589996 
98.589996 
98.570000 
98.669998 
98.580002 
98.599998 
98.580002 
98.599998 
98.650002 
98.639999 
98.699997 
98.690002 
98.760002 
98.720001 
98.690002 
98.720001 
98.709999 
98.720001 
98.699997 
98.760002 
98.669998 
98.709999 
98.720001 
98.800003 
98.660004 
98.739998 
98.769997 
98.750000 
98.739998 
98.750000 
98.709999 
98.769997 
98.779999 
98.699997 
98.730003 
98.790001 
98.699997 
98.730003 
98.750000 
98.849998 
98.699997 
98.730003 
98.669998 
98.680000 
