   16.8300
   47.2100
   58.7100
   64.1500
   68.4400
   76.0400
   76.8300
   80.1200
   81.3900
   80.3400
   82.9700
   83.3700
   84.1200
   83.9700
   83.9800
   85.5500
   85.1700
   85.3400
   86.7000
   79.4700
   86.8700
   87.2000
   87.0700
   86.8600
   87.9300
   87.8300
   87.9900
   87.7300
   88.9300
   88.4500
   89.1700
   89.1900
   85.4200
   88.5200
   88.1900
   89.2100
   89.7800
   89.8200
   89.5100
   89.7200
   89.5300
   86.9200
   89.8100
   89.7200
   90.2100
   89.1000
   90.0300
   90.0700
   89.9300
   90.1300
   89.3400
   89.4700
   89.8900
   89.9100
   88.3100
   90.1600
   90.4200
   90.8100
   91.1000
   90.9300
   91.0400
   91.1900
   90.6700
   90.8500
   90.8700
   90.8900
   90.6900
   90.9700
   90.5900
   90.2900
   91.2600
   90.7100
   91.1500
   89.8100
   91.4800
   91.2100
   91.0100
   91.1600
   90.9300
   90.7900
   91.1600
   90.7100
   91.3200
   91.3400
   91.2600
   91.2400
   91.5300
   91.6400
   91.3700
   91.6100
   91.6100
   91.4900
   90.5300
   91.2100
   91.2400
   91.5000
   91.3100
   91.3000
   91.5300
   90.9700
