   96.3500
   96.7800
   96.5600
   96.5500
   96.5400
   96.5500
   96.9900
   96.6900
   96.8200
   96.7100
   96.8400
   96.7900
   96.5200
   96.9900
   97.1100
   96.7700
   96.4700
   96.5700
   96.7500
   96.5800
   97.0400
   96.7500
   97.1400
   97.0100
   96.7500
   96.7900
   96.8500
   96.6500
   96.7700
   97.1200
   96.8300
   96.8700
   97.3800
   97.3900
   96.8700
   96.3800
   97.1500
   96.7200
   97.1200
   96.8400
   96.9700
   97.0900
   96.9000
   96.9000
   96.9200
   97.1100
   97.0600
   97.1300
   97.0800
   96.9900
   96.6600
   96.7000
   96.5200
   96.5100
   96.9600
   96.4100
   96.4800
   96.7300
   96.7200
   97.0700
   96.9800
   97.0800
   96.5700
   96.7300
   96.3400
   96.7600
   96.7800
   96.7200
   97.0300
   96.9100
   97.0300
   97.2000
   97.5400
   97.5800
   97.4300
   96.9800
   97.3200
   97.0700
   96.9800
   96.9000
   96.9000
   96.2100
   96.8700
   96.7700
   96.9700
   96.8000
   96.9500
   97.1600
   96.9100
   96.7500
   96.8500
   96.6500
   97.0300
   96.4500
   97.2100
   96.9900
   97.2100
   97.2100
   96.5200
   97.0400
