   88.6300
   92.3500
   93.0400
   92.0300
   92.1300
   90.9500
   91.6700
   92.7000
   92.4800
   92.3800
   91.7400
   91.3900
   91.3900
   92.2200
   92.6000
   92.5200
   93.4400
   93.0600
   93.6400
   91.6300
   92.4100
   92.1700
   90.8500
   91.6600
   92.6800
   92.7700
   92.9700
   93.3500
   92.3900
   93.1100
   92.4500
   93.1700
   92.9500
   92.5100
   92.3600
   92.5900
   92.9900
   92.8300
   92.5300
   92.9800
   92.8900
   92.8700
   91.9300
   92.5100
   92.7600
   92.6700
   92.4800
   93.1700
   91.3800
   92.6800
   92.9700
   91.9500
   92.2400
   92.9000
   92.3900
   92.5500
   92.9800
   92.9200
   93.1000
   93.0500
   93.2200
   92.8200
   93.0600
   92.7600
   93.5000
   93.4400
   92.9000
   93.0000
   92.1800
   92.0200
   92.9500
   93.2400
   92.4700
   92.8200
   93.0300
   93.2400
   92.5000
   92.5800
   92.7700
   91.9300
   92.0400
   92.3800
   92.9300
   92.7300
   92.5000
   92.3300
   92.4800
   92.5100
   92.4400
   92.5800
   92.4600
   92.5500
   92.9500
   92.7400
   92.2100
   92.4800
   91.4900
   92.4800
   92.3000
   92.2700
