   74.9600
   85.0500
   88.3000
   88.8000
   90.7400
   91.7400
   87.8200
   89.8600
   89.6900
   90.5700
   90.9100
   90.9200
   92.3800
   92.2200
   90.7600
   90.7500
   90.9200
   91.1600
   91.5600
   92.5000
   92.1700
   92.6100
   91.5200
   91.6900
   89.9400
   91.9500
   92.5300
   92.5700
   91.9300
   90.5200
   91.9600
   92.4800
   92.1400
   92.4500
   92.7300
   90.0800
   91.9100
   91.5000
   92.4700
   91.1900
   91.7600
   91.4800
   91.8900
   92.1700
   92.6900
   91.8500
   91.7300
   92.0500
   92.0400
   91.8600
   92.1900
   91.8400
   92.5800
   92.0600
   92.2900
   90.6800
   92.6500
   92.9200
   92.5400
   91.5100
   92.6800
   93.4400
   92.8900
   92.3500
   92.6300
   92.4300
   92.7600
   93.0500
   91.4700
   92.2300
   92.7800
   91.9800
   91.7000
   92.1800
   91.2300
   91.2000
   92.3900
   91.3700
   91.6200
   91.2300
   91.6500
   91.4800
   90.8600
   90.1600
   91.3000
   91.3900
   90.9600
   91.5100
   91.2000
   91.9200
   92.3100
   91.0100
   92.0100
   91.8000
   92.4900
   92.5600
   90.9300
   92.1300
   92.3200
   92.1200
