13.990000 
14.080000 
16.280001 
6.860000 
15.020000 
10.720000 
11.280000 
9.340000 
8.570000 
9.980000 
12.430000 
9.710000 
9.810000 
9.040000 
8.250000 
8.760000 
9.630000 
10.400000 
8.740000 
13.770000 
9.300000 
9.660000 
9.710000 
9.700000 
11.030000 
9.670000 
9.290000 
8.930000 
9.220000 
8.970000 
9.080000 
9.020000 
9.190000 
9.650000 
10.090000 
8.910000 
10.030000 
10.060000 
10.010000 
10.120000 
9.700000 
10.060000 
8.850000 
9.640000 
9.820000 
9.900000 
8.760000 
9.500000 
9.050000 
10.350000 
9.970000 
9.020000 
9.850000 
10.080000 
9.790000 
9.650000 
9.170000 
9.800000 
9.630000 
10.250000 
8.620000 
9.800000 
9.830000 
9.760000 
10.150000 
11.440000 
11.500000 
11.430000 
11.690000 
11.360000 
11.450000 
11.400000 
11.410000 
9.610000 
9.590000 
11.720000 
11.430000 
11.410000 
9.790000 
10.120000 
10.680000 
11.360000 
10.290000 
10.130000 
8.900000 
8.270000 
11.420000 
8.880000 
8.600000 
9.750000 
8.950000 
9.790000 
9.840000 
9.860000 
10.050000 
10.080000 
10.060000 
10.080000 
11.350000 
10.060000 
10.100000 
10.060000 
9.950000 
8.910000 
8.910000 
8.900000 
10.120000 
8.710000 
11.350000 
11.350000 
8.900000 
11.310000 
11.350000 
10.300000 
10.340000 
10.330000 
10.360000 
8.900000 
10.290000 
10.300000 
8.940000 
8.920000 
8.920000 
10.130000 
10.090000 
10.080000 
10.280000 
8.900000 
10.280000 
8.910000 
8.970000 
10.130000 
10.070000 
10.060000 
10.070000 
10.000000 
10.280000 
10.280000 
10.280000 
10.130000 
10.270000 
10.080000 
8.910000 
10.090000 
10.120000 
10.100000 
8.920000 
8.920000 
9.820000 
8.930000 
8.900000 
9.800000 
10.340000 
8.850000 
10.310000 
11.350000 
10.280000 
10.290000 
10.290000 
10.260000 
10.280000 
10.270000 
9.580000 
10.260000 
10.100000 
10.100000 
10.100000 
10.040000 
10.030000 
10.090000 
10.090000 
11.360000 
11.330000 
11.390000 
10.110000 
10.090000 
10.090000 
10.090000 
10.320000 
10.090000 
10.100000 
10.200000 
10.100000 
10.150000 
10.140000 
10.290000 
10.090000 
10.320000 
11.350000 
11.350000 
11.340000 
10.270000 
9.770000 
10.320000 
10.270000 
10.090000 
8.920000 
8.930000 
8.920000 
10.080000 
8.920000 
10.170000 
8.920000 
8.920000 
9.740000 
11.350000 
8.920000 
11.370000 
11.350000 
11.350000 
11.350000 
10.270000 
11.350000 
10.280000 
11.360000 
10.090000 
10.100000 
9.790000 
9.800000 
9.800000 
9.800000 
9.800000 
9.740000 
9.800000 
9.750000 
9.750000 
10.100000 
10.320000 
10.320000 
9.740000 
9.740000 
10.320000 
10.320000 
11.350000 
10.320000 
10.320000 
10.320000 
10.320000 
9.580000 
9.580000 
10.090000 
9.740000 
9.580000 
9.750000 
9.730000 
8.910000 
10.290000 
10.290000 
10.280000 
8.920000 
10.310000 
10.100000 
8.920000 
8.910000 
9.580000 
9.580000 
10.090000 
10.100000 
10.080000 
11.350000 
9.560000 
9.560000 
9.530000 
9.520000 
9.570000 
9.570000 
9.570000 
9.570000 
9.590000 
9.570000 
8.900000 
9.580000 
8.920000 
11.350000 
8.920000 
8.920000 
11.350000 
11.370000 
8.960000 
8.960000 
8.920000 
8.920000 
8.910000 
9.570000 
8.910000 
9.550000 
8.910000 
8.920000 
8.920000 
8.920000 
8.920000 
8.920000 
9.580000 
9.590000 
9.570000 
8.920000 
8.930000 
8.920000 
9.590000 
9.590000 
8.920000 
9.590000 
9.580000 
9.580000 
9.580000 
9.570000 
9.570000 
10.080000 
10.080000 
10.280000 
10.280000 
10.280000 
10.280000 
9.740000 
10.090000 
10.090000 
10.090000 
10.280000 
10.090000 
10.320000 
10.090000 
10.090000 
10.090000 
10.320000 
10.330000 
10.310000 
10.080000 
10.280000 
10.290000 
10.290000 
8.920000 
10.050000 
10.280000 
10.290000 
10.320000 
10.320000 
10.320000 
10.320000 
10.320000 
10.320000 
10.340000 
10.320000 
10.320000 
10.100000 
8.920000 
10.100000 
10.100000 
10.100000 
10.110000 
10.320000 
10.330000 
10.320000 
10.320000 
10.280000 
10.280000 
10.280000 
10.280000 
10.280000 
10.280000 
10.280000 
10.280000 
10.090000 
10.090000 
10.090000 
9.800000 
8.920000 
10.280000 
10.280000 
10.280000 
10.280000 
10.280000 
10.280000 
10.090000 
9.810000 
8.920000 
8.920000 
9.580000 
9.790000 
9.790000 
9.780000 
9.780000 
10.070000 
10.070000 
10.070000 
10.070000 
10.070000 
10.070000 
10.080000 
10.080000 
10.090000 
9.790000 
10.100000 
8.930000 
8.930000 
9.790000 
10.280000 
10.090000 
10.290000 
9.740000 
10.100000 
10.090000 
8.920000 
8.930000 
8.930000 
10.090000 
10.090000 
10.090000 
10.090000 
10.090000 
10.090000 
10.080000 
10.060000 
10.070000 
10.080000 
10.090000 
9.740000 
10.090000 
10.090000 
10.320000 
10.090000 
9.740000 
10.080000 
9.750000 
10.280000 
10.090000 
10.090000 
10.090000 
10.090000 
10.090000 
10.090000 
10.100000 
10.100000 
9.740000 
9.740000 
9.740000 
10.320000 
10.090000 
10.090000 
10.320000 
10.320000 
9.690000 
9.740000 
10.090000 
10.090000 
10.080000 
9.740000 
9.750000 
9.740000 
9.740000 
9.740000 
10.320000 
9.740000 
9.740000 
9.740000 
9.740000 
9.740000 
9.740000 
9.740000 
9.740000 
9.740000 
9.580000 
9.580000 
9.580000 
9.740000 
9.580000 
9.580000 
9.580000 
9.580000 
9.580000 
9.580000 
9.580000 
9.580000 
9.580000 
9.580000 
9.580000 
9.580000 
9.580000 
10.090000 
10.090000 
9.580000 
9.580000 
9.580000 
10.100000 
9.580000 
9.580000 
9.740000 
9.740000 
9.730000 
9.730000 
9.740000 
10.090000 
9.740000 
9.740000 
9.740000 
9.740000 
9.740000 
9.580000 
9.740000 
9.740000 
9.580000 
9.740000 
9.740000 
9.740000 
9.580000 
9.740000 
9.740000 
9.580000 
9.580000 
9.740000 
9.800000 
9.740000 
9.740000 
9.740000 
9.740000 
9.730000 
9.740000 
9.740000 
10.100000 
9.740000 
10.100000 
9.740000 
9.750000 
10.100000 
10.100000 
10.100000 
10.100000 
10.100000 
10.100000 
10.100000 
10.100000 
8.920000 
8.920000 
10.320000 
10.100000 
10.100000 
10.100000 
10.100000 
10.110000 
10.100000 
8.920000 
10.100000 
10.100000 
10.100000 
8.920000 
8.920000 
8.920000 
8.920000 
10.100000 
10.100000 
9.740000 
9.740000 
9.740000 
10.100000 
10.100000 
9.740000 
9.740000 
10.100000 
10.100000 
10.100000 
10.100000 
9.740000 
10.100000 
10.320000 
10.100000 
9.740000 
9.740000 
9.740000 
9.740000 
9.740000 
9.740000 
9.740000 
9.740000 
10.100000 
10.100000 
10.100000 
10.100000 
10.100000 
10.100000 
10.100000 
10.100000 
10.100000 
10.100000 
10.100000 
10.100000 
10.100000 
8.920000 
8.920000 
10.100000 
8.920000 
10.100000 
10.100000 
10.110000 
8.950000 
8.920000 
8.920000 
8.920000 
10.280000 
10.100000 
9.740000 
10.270000 
10.090000 
9.820000 
9.820000 
10.250000 
10.280000 
9.740000 
10.280000 
8.920000 
8.920000 
8.920000 
10.100000 
8.920000 
8.920000 
10.100000 
9.740000 
9.740000 
9.740000 
10.280000 
8.920000 
8.920000 
8.920000 
10.090000 
8.920000 
8.920000 
8.920000 
8.920000 
9.740000 
10.090000 
10.280000 
10.290000 
10.110000 
10.110000 
10.090000 
10.090000 
10.090000 
10.290000 
10.100000 
9.740000 
10.280000 
10.100000 
10.080000 
10.100000 
10.100000 
8.920000 
10.100000 
8.920000 
10.100000 
10.100000 
10.280000 
10.280000 
10.270000 
10.270000 
10.270000 
9.740000 
9.740000 
9.740000 
9.740000 
9.740000 
9.550000 
9.740000 
9.740000 
9.740000 
9.740000 
9.780000 
9.740000 
9.740000 
9.740000 
9.740000 
10.090000 
9.740000 
9.740000 
9.740000 
8.930000 
8.920000 
10.100000 
10.100000 
10.110000 
8.920000 
8.920000 
8.920000 
8.920000 
8.920000 
8.920000 
8.920000 
8.920000 
8.920000 
8.920000 
8.920000 
8.920000 
8.920000 
10.100000 
8.930000 
8.920000 
10.090000 
10.090000 
10.090000 
10.090000 
10.090000 
10.090000 
10.010000 
10.100000 
9.740000 
10.100000 
9.740000 
10.100000 
10.100000 
10.100000 
10.100000 
9.740000 
9.740000 
9.740000 
9.740000 
9.740000 
9.740000 
9.740000 
9.740000 
9.740000 
9.740000 
8.910000 
10.090000 
10.090000 
9.740000 
9.740000 
9.740000 
9.740000 
9.740000 
8.920000 
8.920000 
8.920000 
8.920000 
8.920000 
8.920000 
8.920000 
8.920000 
8.920000 
8.920000 
8.920000 
8.920000 
8.920000 
8.920000 
8.920000 
9.740000 
8.920000 
8.920000 
8.920000 
8.920000 
8.920000 
8.920000 
8.920000 
8.920000 
8.920000 
8.920000 
8.920000 
8.920000 
8.920000 
8.920000 
8.920000 
8.920000 
8.920000 
8.920000 
8.920000 
8.920000 
9.740000 
9.740000 
9.740000 
9.740000 
9.740000 
8.920000 
9.740000 
8.920000 
8.920000 
8.920000 
8.920000 
8.920000 
8.920000 
8.920000 
8.920000 
8.920000 
8.920000 
8.920000 
9.580000 
9.580000 
10.090000 
9.580000 
9.580000 
10.090000 
10.090000 
9.580000 
10.110000 
10.110000 
10.100000 
9.580000 
8.920000 
8.920000 
8.920000 
9.580000 
8.920000 
8.920000 
8.920000 
8.920000 
8.920000 
8.920000 
8.920000 
8.920000 
9.800000 
9.800000 
8.920000 
8.920000 
9.800000 
9.800000 
9.800000 
11.350000 
8.920000 
8.920000 
8.920000 
10.290000 
9.600000 
9.600000 
9.600000 
9.600000 
9.590000 
9.590000 
9.590000 
9.590000 
9.590000 
9.590000 
9.580000 
9.580000 
9.580000 
9.580000 
9.580000 
9.580000 
9.800000 
9.800000 
9.800000 
9.800000 
9.800000 
9.800000 
9.800000 
9.800000 
9.800000 
9.800000 
9.800000 
9.800000 
9.580000 
9.580000 
9.580000 
9.580000 
9.580000 
9.580000 
9.580000 
8.920000 
9.580000 
9.800000 
9.800000 
9.800000 
9.580000 
9.580000 
9.800000 
9.800000 
9.740000 
9.800000 
9.800000 
9.740000 
9.740000 
9.740000 
9.740000 
9.740000 
9.740000 
9.740000 
9.740000 
9.740000 
9.740000 
9.740000 
9.740000 
9.740000 
9.740000 
9.740000 
9.740000 
9.740000 
9.740000 
9.740000 
9.740000 
9.740000 
9.740000 
9.740000 
9.740000 
9.740000 
9.740000 
9.740000 
9.740000 
9.800000 
9.800000 
9.740000 
9.740000 
9.740000 
9.740000 
9.740000 
9.740000 
9.740000 
9.740000 
9.740000 
9.740000 
9.580000 
10.280000 
9.740000 
9.740000 
8.920000 
10.090000 
9.740000 
9.740000 
9.740000 
9.740000 
9.740000 
9.740000 
9.740000 
10.280000 
9.740000 
9.740000 
9.740000 
9.820000 
9.740000 
9.740000 
9.740000 
9.740000 
9.740000 
9.740000 
9.740000 
9.820000 
9.740000 
9.740000 
9.740000 
9.820000 
9.740000 
9.740000 
9.740000 
9.740000 
9.820000 
9.820000 
9.800000 
9.740000 
9.740000 
9.800000 
9.800000 
9.800000 
9.800000 
10.090000 
9.740000 
9.800000 
9.740000 
9.740000 
9.800000 
9.740000 
9.740000 
9.740000 
9.730000 
9.730000 
9.800000 
9.800000 
9.800000 
9.800000 
9.800000 
9.800000 
9.800000 
9.800000 
9.800000 
10.090000 
10.090000 
10.090000 
9.740000 
10.280000 
9.740000 
9.800000 
9.800000 
9.800000 
9.820000 
9.800000 
9.800000 
9.800000 
9.800000 
9.800000 
9.800000 
9.800000 
9.800000 
9.800000 
9.800000 
9.800000 
9.800000 
9.800000 
9.800000 
9.800000 
9.800000 
9.800000 
9.800000 
9.800000 
9.730000 
9.800000 
9.800000 
9.800000 
9.800000 
