9.870000 
12.090000 
12.420000 
15.460000 
11.590000 
8.170000 
7.380000 
13.550000 
19.629999 
16.280001 
9.830000 
13.300000 
7.050000 
7.020000 
18.670000 
15.220000 
13.170000 
12.450000 
15.230000 
10.050000 
13.300000 
10.890000 
10.540000 
9.450000 
9.700000 
10.570000 
9.980000 
10.880000 
10.220000 
11.260000 
9.710000 
11.230000 
9.950000 
9.260000 
9.320000 
12.040000 
10.500000 
11.110000 
9.840000 
9.580000 
9.100000 
6.770000 
10.170000 
8.450000 
9.680000 
10.880000 
9.600000 
10.490000 
9.650000 
10.080000 
9.480000 
9.680000 
9.020000 
9.630000 
9.570000 
10.080000 
9.360000 
9.050000 
9.200000 
9.680000 
8.870000 
9.400000 
9.990000 
9.790000 
10.150000 
9.180000 
9.570000 
9.820000 
10.090000 
11.680000 
9.680000 
9.640000 
9.910000 
7.110000 
9.580000 
9.560000 
9.530000 
9.580000 
10.190000 
10.620000 
10.120000 
9.900000 
10.340000 
10.160000 
10.270000 
10.110000 
10.020000 
9.840000 
9.790000 
9.830000 
9.750000 
9.850000 
10.040000 
9.520000 
9.750000 
9.380000 
8.370000 
9.480000 
9.090000 
9.290000 
9.410000 
9.690000 
9.690000 
10.640000 
10.620000 
10.290000 
9.250000 
9.990000 
9.750000 
9.730000 
9.680000 
9.710000 
9.750000 
9.850000 
9.810000 
9.600000 
9.740000 
8.560000 
9.800000 
9.750000 
9.770000 
9.850000 
9.890000 
9.920000 
11.790000 
9.840000 
9.930000 
9.960000 
9.770000 
11.440000 
11.380000 
11.340000 
11.370000 
11.380000 
11.240000 
11.340000 
11.260000 
11.320000 
11.250000 
11.380000 
11.400000 
11.420000 
11.370000 
11.380000 
11.430000 
11.380000 
11.480000 
11.430000 
11.370000 
11.430000 
11.410000 
9.730000 
9.700000 
9.830000 
9.780000 
11.460000 
9.930000 
11.700000 
11.530000 
11.600000 
9.780000 
9.850000 
9.840000 
9.740000 
9.980000 
9.630000 
9.670000 
9.790000 
9.700000 
9.810000 
9.840000 
9.790000 
9.650000 
9.600000 
9.540000 
9.680000 
9.680000 
9.630000 
9.550000 
9.570000 
9.530000 
9.460000 
9.640000 
10.160000 
9.600000 
9.680000 
10.060000 
9.770000 
9.800000 
9.770000 
9.720000 
9.780000 
9.770000 
9.590000 
9.670000 
9.740000 
9.780000 
9.730000 
9.810000 
9.830000 
9.830000 
9.850000 
9.840000 
9.900000 
9.840000 
9.880000 
9.870000 
9.850000 
9.800000 
9.770000 
9.780000 
11.510000 
11.670000 
9.790000 
9.730000 
11.410000 
11.440000 
9.820000 
9.850000 
9.810000 
9.720000 
9.740000 
9.780000 
9.760000 
9.750000 
9.790000 
9.800000 
9.600000 
9.840000 
9.740000 
9.810000 
9.670000 
9.760000 
9.770000 
9.760000 
9.740000 
9.840000 
9.830000 
9.750000 
9.800000 
10.190000 
10.160000 
9.870000 
9.790000 
9.820000 
9.700000 
9.710000 
9.740000 
9.810000 
9.730000 
8.870000 
10.090000 
10.100000 
10.060000 
10.080000 
10.080000 
10.120000 
10.080000 
10.050000 
10.080000 
9.800000 
9.790000 
9.730000 
8.850000 
10.020000 
9.530000 
9.560000 
9.580000 
10.060000 
10.070000 
10.090000 
10.060000 
10.070000 
10.100000 
10.090000 
10.100000 
10.070000 
10.040000 
10.050000 
10.130000 
10.130000 
10.150000 
10.140000 
10.120000 
10.150000 
10.180000 
10.080000 
10.070000 
10.110000 
10.000000 
10.010000 
10.010000 
10.080000 
10.110000 
10.100000 
10.140000 
10.070000 
10.140000 
10.110000 
10.110000 
10.080000 
10.100000 
10.080000 
10.060000 
10.120000 
10.080000 
9.980000 
10.110000 
10.100000 
10.090000 
10.070000 
10.090000 
10.140000 
10.120000 
10.120000 
10.100000 
10.090000 
10.090000 
10.070000 
10.060000 
10.100000 
10.110000 
10.100000 
10.140000 
10.130000 
10.130000 
10.120000 
10.170000 
10.170000 
10.120000 
9.800000 
10.130000 
10.040000 
10.100000 
10.080000 
10.060000 
10.140000 
10.100000 
10.060000 
10.070000 
9.910000 
10.070000 
10.030000 
10.030000 
10.040000 
10.090000 
10.060000 
10.050000 
10.000000 
9.980000 
10.010000 
9.950000 
10.010000 
10.110000 
10.110000 
10.090000 
10.160000 
10.120000 
10.150000 
10.150000 
10.280000 
10.200000 
10.140000 
10.100000 
10.090000 
10.110000 
10.100000 
10.100000 
10.090000 
10.130000 
10.180000 
8.990000 
9.720000 
10.120000 
10.130000 
10.130000 
10.100000 
9.750000 
8.940000 
8.930000 
10.120000 
10.130000 
10.110000 
8.920000 
10.150000 
9.760000 
9.780000 
9.770000 
9.750000 
9.740000 
9.770000 
9.770000 
9.760000 
9.760000 
10.070000 
10.090000 
10.080000 
10.080000 
10.100000 
10.150000 
10.110000 
10.090000 
10.090000 
10.100000 
10.100000 
10.110000 
10.110000 
10.100000 
10.100000 
10.120000 
9.990000 
10.060000 
10.060000 
10.100000 
10.120000 
10.110000 
10.030000 
10.080000 
10.090000 
10.100000 
10.090000 
10.100000 
10.090000 
10.090000 
9.700000 
10.080000 
10.060000 
9.730000 
10.090000 
9.750000 
9.730000 
9.730000 
10.110000 
10.120000 
10.120000 
10.110000 
10.090000 
10.100000 
10.090000 
10.110000 
10.090000 
9.720000 
9.750000 
9.780000 
9.790000 
9.810000 
10.070000 
10.050000 
10.080000 
10.090000 
10.080000 
10.090000 
10.050000 
9.780000 
9.790000 
9.780000 
9.730000 
10.080000 
10.090000 
10.110000 
10.110000 
8.830000 
8.900000 
8.790000 
10.080000 
10.050000 
8.920000 
9.780000 
10.070000 
10.080000 
10.100000 
8.900000 
8.910000 
9.750000 
9.750000 
10.120000 
10.090000 
10.090000 
10.110000 
10.110000 
10.120000 
10.110000 
10.090000 
10.110000 
10.090000 
10.100000 
10.090000 
10.080000 
8.890000 
8.880000 
9.740000 
9.720000 
9.740000 
9.740000 
8.900000 
9.750000 
9.590000 
9.580000 
9.580000 
9.580000 
9.580000 
9.570000 
9.570000 
9.580000 
8.910000 
8.910000 
8.920000 
8.910000 
8.900000 
8.910000 
8.920000 
8.920000 
8.920000 
9.820000 
9.810000 
9.830000 
9.820000 
9.800000 
9.810000 
9.810000 
9.810000 
9.830000 
9.810000 
10.090000 
10.070000 
9.840000 
10.080000 
9.860000 
9.850000 
9.840000 
9.820000 
9.800000 
9.830000 
9.820000 
9.820000 
9.780000 
9.810000 
9.820000 
9.820000 
9.820000 
9.720000 
9.810000 
9.810000 
9.810000 
9.800000 
9.800000 
9.810000 
9.810000 
9.800000 
9.750000 
9.750000 
9.750000 
9.730000 
9.820000 
8.920000 
8.920000 
8.930000 
9.820000 
8.930000 
8.930000 
9.810000 
9.830000 
9.870000 
9.810000 
8.930000 
8.920000 
8.920000 
8.920000 
8.930000 
8.920000 
8.920000 
8.880000 
8.850000 
10.110000 
10.100000 
10.100000 
10.110000 
8.910000 
9.820000 
8.920000 
8.920000 
9.810000 
10.100000 
8.920000 
10.100000 
10.300000 
10.290000 
10.140000 
10.120000 
11.400000 
9.740000 
11.400000 
11.400000 
11.380000 
11.370000 
11.370000 
11.370000 
11.390000 
11.370000 
11.360000 
11.370000 
9.810000 
9.860000 
9.820000 
11.360000 
9.830000 
11.380000 
11.360000 
11.370000 
11.390000 
9.810000 
11.350000 
9.810000 
9.810000 
9.810000 
9.820000 
11.370000 
11.370000 
11.360000 
11.360000 
11.380000 
11.390000 
11.370000 
11.390000 
11.380000 
11.390000 
11.360000 
11.350000 
11.360000 
11.360000 
10.080000 
10.080000 
10.090000 
10.090000 
10.090000 
10.090000 
10.110000 
10.150000 
11.350000 
10.080000 
10.090000 
10.130000 
10.120000 
10.110000 
10.110000 
8.910000 
8.910000 
8.920000 
8.890000 
8.880000 
8.900000 
9.800000 
9.820000 
9.820000 
9.820000 
9.800000 
8.900000 
9.800000 
8.900000 
10.090000 
9.810000 
9.810000 
10.100000 
10.100000 
10.100000 
10.100000 
10.090000 
10.100000 
10.100000 
10.110000 
10.090000 
11.350000 
11.350000 
10.090000 
10.090000 
11.340000 
11.350000 
11.350000 
11.350000 
11.360000 
10.090000 
10.290000 
10.280000 
10.280000 
10.280000 
10.270000 
10.280000 
10.320000 
11.350000 
10.320000 
11.350000 
11.350000 
11.350000 
11.350000 
11.350000 
11.350000 
11.350000 
11.350000 
11.350000 
11.350000 
11.350000 
11.350000 
11.350000 
11.340000 
11.350000 
11.350000 
11.350000 
11.350000 
11.350000 
11.350000 
11.350000 
11.340000 
11.350000 
11.340000 
11.340000 
11.340000 
11.340000 
11.360000 
11.350000 
9.810000 
9.810000 
9.810000 
9.800000 
9.800000 
9.790000 
9.780000 
9.800000 
9.800000 
9.800000 
9.800000 
9.800000 
9.800000 
9.800000 
9.800000 
9.800000 
9.800000 
9.800000 
9.800000 
9.800000 
9.800000 
11.360000 
10.280000 
10.280000 
10.290000 
10.300000 
10.310000 
10.290000 
10.320000 
11.370000 
10.300000 
10.300000 
10.290000 
10.290000 
10.290000 
10.290000 
10.280000 
11.350000 
9.740000 
10.310000 
11.350000 
11.350000 
10.310000 
10.310000 
10.310000 
10.300000 
10.300000 
10.300000 
10.310000 
10.310000 
10.310000 
10.320000 
10.310000 
10.310000 
10.310000 
10.320000 
10.320000 
10.320000 
10.320000 
10.310000 
10.320000 
11.350000 
10.320000 
10.310000 
10.320000 
10.320000 
10.280000 
10.290000 
10.290000 
10.280000 
10.290000 
10.290000 
10.280000 
10.310000 
10.310000 
10.280000 
10.280000 
10.290000 
10.330000 
10.310000 
10.320000 
10.330000 
10.320000 
10.320000 
10.320000 
10.320000 
10.320000 
10.320000 
10.320000 
10.320000 
10.330000 
10.320000 
10.320000 
10.310000 
10.310000 
10.320000 
10.310000 
10.300000 
10.290000 
9.730000 
10.280000 
10.290000 
10.290000 
10.300000 
10.300000 
10.290000 
10.290000 
10.290000 
10.300000 
10.270000 
10.270000 
10.280000 
10.300000 
10.300000 
11.390000 
11.400000 
11.400000 
10.320000 
11.400000 
11.370000 
10.330000 
10.310000 
10.300000 
10.300000 
10.300000 
10.300000 
11.370000 
10.300000 
11.370000 
11.370000 
10.320000 
10.320000 
10.320000 
10.320000 
10.320000 
10.320000 
11.370000 
10.300000 
10.320000 
10.300000 
10.300000 
10.300000 
10.320000 
10.320000 
10.310000 
10.320000 
10.320000 
10.320000 
10.280000 
10.320000 
10.320000 
10.320000 
10.320000 
8.920000 
10.320000 
10.320000 
10.320000 
11.340000 
11.350000 
8.920000 
10.320000 
10.330000 
10.330000 
11.380000 
10.330000 
10.320000 
10.320000 
11.350000 
11.350000 
11.350000 
11.350000 
10.320000 
11.350000 
10.320000 
10.330000 
10.320000 
10.320000 
11.350000 
10.090000 
10.090000 
10.090000 
10.090000 
10.090000 
10.090000 
10.090000 
10.090000 
10.090000 
10.090000 
10.090000 
10.090000 
10.100000 
10.330000 
10.330000 
10.330000 
10.330000 
10.320000 
10.300000 
11.350000 
11.350000 
11.350000 
11.350000 
11.360000 
11.360000 
11.360000 
11.370000 
10.100000 
10.100000 
10.110000 
10.110000 
10.110000 
10.110000 
10.320000 
10.310000 
10.310000 
10.310000 
10.320000 
10.330000 
10.340000 
10.350000 
10.330000 
10.350000 
10.320000 
10.320000 
10.090000 
10.090000 
10.110000 
10.090000 
10.090000 
10.090000 
10.090000 
10.090000 
10.090000 
10.090000 
10.090000 
10.090000 
10.090000 
10.100000 
10.090000 
10.100000 
10.100000 
10.100000 
10.100000 
10.100000 
10.090000 
10.090000 
10.100000 
10.100000 
10.100000 
10.110000 
10.100000 
10.110000 
10.090000 
10.110000 
10.110000 
10.100000 
10.090000 
10.100000 
10.090000 
10.090000 
10.090000 
10.090000 
10.090000 
10.100000 
10.090000 
10.110000 
10.110000 
10.100000 
10.090000 
10.090000 
10.090000 
10.100000 
10.100000 
10.100000 
10.090000 
10.090000 
10.080000 
9.740000 
10.090000 
10.090000 
10.090000 
10.090000 
