15.530000 
15.180000 
15.520000 
9.980000 
12.150000 
14.780000 
10.090000 
15.840000 
13.650000 
11.550000 
9.220000 
10.650000 
9.860000 
11.150000 
10.380000 
10.960000 
10.500000 
10.250000 
11.930000 
9.930000 
11.680000 
8.490000 
9.670000 
13.130000 
10.590000 
10.820000 
9.320000 
10.030000 
12.830000 
9.430000 
10.380000 
9.620000 
10.260000 
9.580000 
9.070000 
9.650000 
9.740000 
9.710000 
10.140000 
11.530000 
9.740000 
10.170000 
9.840000 
9.910000 
10.070000 
8.510000 
10.510000 
10.420000 
10.590000 
10.490000 
9.500000 
10.220000 
9.910000 
10.120000 
10.200000 
9.800000 
9.580000 
10.040000 
10.010000 
9.970000 
9.880000 
9.960000 
9.960000 
9.970000 
11.530000 
11.370000 
11.410000 
11.400000 
10.040000 
9.740000 
10.100000 
9.750000 
9.900000 
9.970000 
9.690000 
9.790000 
10.440000 
10.320000 
10.150000 
9.560000 
9.530000 
10.470000 
10.480000 
11.460000 
11.460000 
10.080000 
9.910000 
9.790000 
9.630000 
10.280000 
10.080000 
9.390000 
10.010000 
10.320000 
9.800000 
9.600000 
9.690000 
9.560000 
9.490000 
9.520000 
9.570000 
9.580000 
9.510000 
9.630000 
9.420000 
9.480000 
8.930000 
9.580000 
9.620000 
9.820000 
9.810000 
9.820000 
9.860000 
10.340000 
9.680000 
10.160000 
9.730000 
10.160000 
10.200000 
9.840000 
10.320000 
10.320000 
9.590000 
10.260000 
9.820000 
8.900000 
10.280000 
9.590000 
10.280000 
9.590000 
9.610000 
9.640000 
10.310000 
10.320000 
9.610000 
9.580000 
9.620000 
9.610000 
9.620000 
9.610000 
9.590000 
10.270000 
9.580000 
9.630000 
9.640000 
9.600000 
9.660000 
9.630000 
9.630000 
9.590000 
9.610000 
8.820000 
9.590000 
9.580000 
9.540000 
9.570000 
9.600000 
9.590000 
9.590000 
9.590000 
9.620000 
9.590000 
9.600000 
9.590000 
9.570000 
10.300000 
10.290000 
9.570000 
9.570000 
9.560000 
9.550000 
9.590000 
9.580000 
9.600000 
9.620000 
9.580000 
10.270000 
10.270000 
10.270000 
9.570000 
9.570000 
9.560000 
9.580000 
9.580000 
9.580000 
9.570000 
9.590000 
9.610000 
9.590000 
9.590000 
9.600000 
9.610000 
10.280000 
10.290000 
9.580000 
10.320000 
10.320000 
9.590000 
10.280000 
9.740000 
9.510000 
10.290000 
10.370000 
9.760000 
10.290000 
10.280000 
9.550000 
10.310000 
10.280000 
10.290000 
10.290000 
9.740000 
9.740000 
10.280000 
9.720000 
10.270000 
9.540000 
9.720000 
9.550000 
9.550000 
10.100000 
9.580000 
9.590000 
10.110000 
10.120000 
9.820000 
9.790000 
10.070000 
9.850000 
9.850000 
9.890000 
9.860000 
9.590000 
9.840000 
9.830000 
10.400000 
9.790000 
9.760000 
9.860000 
9.640000 
11.340000 
10.400000 
9.800000 
9.800000 
9.760000 
9.750000 
10.120000 
10.350000 
10.330000 
11.370000 
10.310000 
9.600000 
11.220000 
10.330000 
10.330000 
10.320000 
10.320000 
9.730000 
9.730000 
9.580000 
9.600000 
9.590000 
9.580000 
9.580000 
10.310000 
10.280000 
10.270000 
10.280000 
10.300000 
10.300000 
10.280000 
10.310000 
10.340000 
10.320000 
10.370000 
10.290000 
10.450000 
11.330000 
10.320000 
10.270000 
10.270000 
9.810000 
10.260000 
9.800000 
9.580000 
9.750000 
9.750000 
9.760000 
9.600000 
9.850000 
9.840000 
9.590000 
9.760000 
9.750000 
11.350000 
11.370000 
10.280000 
10.270000 
10.280000 
9.740000 
9.750000 
11.350000 
9.730000 
9.580000 
9.580000 
11.350000 
9.580000 
9.580000 
10.270000 
9.760000 
9.750000 
9.760000 
9.730000 
9.730000 
10.320000 
9.770000 
10.080000 
9.770000 
9.750000 
11.380000 
10.370000 
9.770000 
9.760000 
9.770000 
9.770000 
9.760000 
9.750000 
9.750000 
9.750000 
9.790000 
9.600000 
9.740000 
9.760000 
9.820000 
9.860000 
9.840000 
11.380000 
11.410000 
11.360000 
11.400000 
9.620000 
11.360000 
11.350000 
9.590000 
11.350000 
11.360000 
11.360000 
11.360000 
10.280000 
8.930000 
8.920000 
8.920000 
9.740000 
11.350000 
10.020000 
9.990000 
10.010000 
10.090000 
10.100000 
9.750000 
10.090000 
10.100000 
10.090000 
10.090000 
10.300000 
10.280000 
10.100000 
10.100000 
10.100000 
10.280000 
10.100000 
10.100000 
10.290000 
10.290000 
10.300000 
10.290000 
10.290000 
8.920000 
10.280000 
8.950000 
10.280000 
8.940000 
10.260000 
10.250000 
8.910000 
9.560000 
9.580000 
9.560000 
9.560000 
9.550000 
9.570000 
9.810000 
9.570000 
9.560000 
9.580000 
8.910000 
9.810000 
9.560000 
9.570000 
9.570000 
9.550000 
9.550000 
9.580000 
9.820000 
9.820000 
9.820000 
9.820000 
9.820000 
9.570000 
9.580000 
9.810000 
9.820000 
9.810000 
9.810000 
9.810000 
9.810000 
9.810000 
9.800000 
9.810000 
9.810000 
10.310000 
10.280000 
10.270000 
10.280000 
10.300000 
10.300000 
10.280000 
10.310000 
10.340000 
10.320000 
10.370000 
10.290000 
10.450000 
11.330000 
10.320000 
10.270000 
10.270000 
9.810000 
10.260000 
9.800000 
9.580000 
9.750000 
9.750000 
9.760000 
9.600000 
9.850000 
9.840000 
9.590000 
9.760000 
9.750000 
11.350000 
11.370000 
10.280000 
10.270000 
10.280000 
9.740000 
9.750000 
11.350000 
9.730000 
9.580000 
9.580000 
11.350000 
9.580000 
9.580000 
10.270000 
9.760000 
9.750000 
9.760000 
9.730000 
9.730000 
10.320000 
9.770000 
10.080000 
9.770000 
9.750000 
11.380000 
10.370000 
9.770000 
9.760000 
9.770000 
9.770000 
9.760000 
9.750000 
9.750000 
9.750000 
9.790000 
9.600000 
9.740000 
9.760000 
9.820000 
9.860000 
9.840000 
11.380000 
11.410000 
11.360000 
11.400000 
9.620000 
11.360000 
11.350000 
9.590000 
11.350000 
11.360000 
11.360000 
11.360000 
10.280000 
8.930000 
8.920000 
8.920000 
9.740000 
11.350000 
10.020000 
9.990000 
10.010000 
10.090000 
10.100000 
9.750000 
10.090000 
10.100000 
10.090000 
10.090000 
10.300000 
10.280000 
10.100000 
10.100000 
10.100000 
10.280000 
10.100000 
10.100000 
10.290000 
10.290000 
10.300000 
10.290000 
10.290000 
8.920000 
10.280000 
8.950000 
10.280000 
8.940000 
10.260000 
10.250000 
8.910000 
9.560000 
9.580000 
9.560000 
9.560000 
9.550000 
9.570000 
9.810000 
9.570000 
9.560000 
9.580000 
8.910000 
9.810000 
9.560000 
9.570000 
9.570000 
9.550000 
9.550000 
9.580000 
9.820000 
9.820000 
9.820000 
9.820000 
9.820000 
9.570000 
9.580000 
9.810000 
9.820000 
9.810000 
9.810000 
9.810000 
9.810000 
9.810000 
9.800000 
9.810000 
9.810000 
10.310000 
10.280000 
10.270000 
10.280000 
10.300000 
10.300000 
10.280000 
10.310000 
10.340000 
10.320000 
10.370000 
10.290000 
10.450000 
11.330000 
10.320000 
10.270000 
10.270000 
9.810000 
10.260000 
9.800000 
9.580000 
9.750000 
9.750000 
9.760000 
9.600000 
9.850000 
9.840000 
9.590000 
9.760000 
9.750000 
11.350000 
11.370000 
10.280000 
10.270000 
10.280000 
9.740000 
9.750000 
11.350000 
9.730000 
9.580000 
9.580000 
11.350000 
9.580000 
9.580000 
10.270000 
9.760000 
9.750000 
9.760000 
9.730000 
9.730000 
10.320000 
9.770000 
10.080000 
9.770000 
9.750000 
11.380000 
10.370000 
9.770000 
9.760000 
9.770000 
9.770000 
9.760000 
9.750000 
9.750000 
9.750000 
9.790000 
9.600000 
9.740000 
9.760000 
9.820000 
9.860000 
9.840000 
11.380000 
11.410000 
11.360000 
11.400000 
9.620000 
11.360000 
11.350000 
9.590000 
11.350000 
11.360000 
11.360000 
11.360000 
10.280000 
8.930000 
8.920000 
8.920000 
9.740000 
11.350000 
10.020000 
9.990000 
10.010000 
10.090000 
10.100000 
9.750000 
10.090000 
10.100000 
10.090000 
10.090000 
10.300000 
10.280000 
10.100000 
10.100000 
10.100000 
10.280000 
10.100000 
10.100000 
10.290000 
10.290000 
10.300000 
10.290000 
10.290000 
8.920000 
10.280000 
8.950000 
10.280000 
8.940000 
10.260000 
10.250000 
8.910000 
9.560000 
9.580000 
9.560000 
9.560000 
9.550000 
9.570000 
9.810000 
9.570000 
9.560000 
9.580000 
8.910000 
9.810000 
9.560000 
9.570000 
9.570000 
9.550000 
9.550000 
9.580000 
9.820000 
9.820000 
9.820000 
9.820000 
9.820000 
9.570000 
9.580000 
9.810000 
9.820000 
9.810000 
9.810000 
9.810000 
9.810000 
9.810000 
9.800000 
9.810000 
9.810000 
10.310000 
10.280000 
10.270000 
10.280000 
10.300000 
10.300000 
10.280000 
10.310000 
10.340000 
10.320000 
10.370000 
10.290000 
10.450000 
11.330000 
10.320000 
10.270000 
10.270000 
9.810000 
10.260000 
9.800000 
9.580000 
9.750000 
9.750000 
9.760000 
9.600000 
9.850000 
9.840000 
9.590000 
9.760000 
9.750000 
11.350000 
11.370000 
10.280000 
10.270000 
10.280000 
9.740000 
9.750000 
11.350000 
9.730000 
9.580000 
9.580000 
11.350000 
9.580000 
9.580000 
10.270000 
9.760000 
9.750000 
9.760000 
9.730000 
9.730000 
10.320000 
9.770000 
10.080000 
9.770000 
9.750000 
11.380000 
10.370000 
9.770000 
9.760000 
9.770000 
9.770000 
9.760000 
9.750000 
9.750000 
9.750000 
9.790000 
9.600000 
9.740000 
9.760000 
9.820000 
9.860000 
9.840000 
11.380000 
11.410000 
11.360000 
11.400000 
9.620000 
11.360000 
11.350000 
9.590000 
11.350000 
11.360000 
11.360000 
11.360000 
10.280000 
8.930000 
8.920000 
8.920000 
9.740000 
11.350000 
10.020000 
9.990000 
10.010000 
10.090000 
10.100000 
9.750000 
10.090000 
10.100000 
10.090000 
10.090000 
10.300000 
10.280000 
10.100000 
10.100000 
10.100000 
10.280000 
10.100000 
10.100000 
10.290000 
10.290000 
10.300000 
10.290000 
10.290000 
8.920000 
10.280000 
8.950000 
10.280000 
8.940000 
10.260000 
10.250000 
8.910000 
9.560000 
9.580000 
9.560000 
9.560000 
9.550000 
9.570000 
9.810000 
9.570000 
9.560000 
9.580000 
8.910000 
9.810000 
9.560000 
9.570000 
9.570000 
9.550000 
9.550000 
9.580000 
9.820000 
9.820000 
9.820000 
9.820000 
9.820000 
9.570000 
9.580000 
9.810000 
9.820000 
9.810000 
9.810000 
9.810000 
9.810000 
9.810000 
9.800000 
9.810000 
9.810000 
10.310000 
10.280000 
10.270000 
10.280000 
10.300000 
10.300000 
10.280000 
10.310000 
10.340000 
10.320000 
10.370000 
10.290000 
10.450000 
11.330000 
10.320000 
10.270000 
10.270000 
9.810000 
10.260000 
9.800000 
9.580000 
9.750000 
9.750000 
9.760000 
9.600000 
9.850000 
9.840000 
9.590000 
9.760000 
9.750000 
11.350000 
11.370000 
10.280000 
10.270000 
10.280000 
9.740000 
9.750000 
11.350000 
9.730000 
9.580000 
9.580000 
11.350000 
9.580000 
9.580000 
10.270000 
9.760000 
9.750000 
9.760000 
9.730000 
9.730000 
10.320000 
9.770000 
10.080000 
9.770000 
9.750000 
11.380000 
10.370000 
9.770000 
9.760000 
9.770000 
9.770000 
9.760000 
9.750000 
9.750000 
9.750000 
9.790000 
9.600000 
9.740000 
9.760000 
9.820000 
9.860000 
9.840000 
11.380000 
11.410000 
11.360000 
11.400000 
9.620000 
11.360000 
11.350000 
9.590000 
11.350000 
11.360000 
11.360000 
11.360000 
10.280000 
8.930000 
8.920000 
8.920000 
9.740000 
11.350000 
10.020000 
9.990000 
10.010000 
10.090000 
10.100000 
9.750000 
10.090000 
10.100000 
10.090000 
10.090000 
10.300000 
10.280000 
10.100000 
10.100000 
10.100000 
10.280000 
10.100000 
10.100000 
10.290000 
10.290000 
10.300000 
10.290000 
