9.190000 
9.800000 
10.500000 
10.850000 
11.210000 
18.959999 
9.510000 
7.910000 
16.809999 
8.020000 
11.010000 
10.290000 
7.220000 
9.090000 
7.470000 
11.040000 
8.730000 
11.540000 
11.500000 
10.650000 
9.280000 
9.970000 
10.150000 
10.910000 
9.310000 
10.980000 
10.490000 
8.950000 
8.740000 
8.860000 
9.740000 
10.050000 
10.360000 
9.760000 
9.610000 
7.810000 
9.220000 
9.770000 
9.660000 
10.030000 
9.590000 
9.820000 
9.760000 
9.760000 
10.050000 
7.970000 
10.080000 
9.770000 
10.070000 
9.880000 
9.840000 
9.890000 
9.830000 
9.880000 
9.810000 
9.850000 
9.780000 
10.360000 
9.760000 
9.890000 
10.180000 
9.930000 
8.740000 
10.060000 
10.160000 
9.960000 
9.980000 
10.230000 
10.490000 
10.030000 
10.100000 
9.740000 
10.110000 
11.510000 
10.340000 
9.620000 
9.670000 
9.490000 
9.300000 
9.330000 
11.360000 
9.430000 
9.530000 
11.390000 
9.500000 
10.270000 
10.270000 
9.510000 
9.730000 
9.800000 
9.880000 
9.760000 
9.780000 
9.690000 
9.800000 
9.800000 
9.800000 
9.800000 
9.800000 
9.800000 
9.800000 
9.800000 
9.800000 
9.800000 
9.800000 
9.800000 
9.800000 
9.800000 
9.800000 
9.800000 
9.800000 
9.800000 
9.800000 
9.800000 
9.800000 
9.800000 
9.800000 
9.800000 
9.800000 
9.800000 
9.800000 
9.800000 
9.800000 
9.800000 
9.800000 
9.800000 
9.800000 
9.800000 
9.800000 
9.800000 
9.800000 
9.800000 
9.800000 
9.800000 
9.800000 
9.800000 
9.800000 
9.800000 
9.800000 
9.800000 
9.800000 
9.800000 
9.800000 
9.800000 
9.800000 
9.800000 
9.800000 
9.800000 
9.800000 
9.800000 
9.800000 
9.800000 
9.800000 
9.800000 
9.800000 
9.800000 
9.800000 
9.800000 
9.800000 
9.800000 
9.800000 
9.800000 
9.800000 
9.800000 
9.800000 
9.800000 
9.800000 
9.800000 
9.800000 
9.800000 
9.800000 
9.800000 
9.800000 
9.800000 
9.800000 
9.800000 
9.800000 
9.800000 
9.800000 
9.800000 
9.800000 
9.800000 
9.800000 
9.800000 
9.800000 
9.800000 
9.800000 
9.800000 
9.800000 
9.800000 
9.800000 
9.800000 
9.800000 
9.800000 
9.800000 
9.800000 
9.800000 
9.800000 
9.800000 
9.800000 
9.800000 
9.800000 
9.800000 
9.800000 
9.800000 
9.800000 
9.800000 
9.800000 
9.800000 
9.800000 
9.800000 
9.800000 
9.800000 
9.800000 
9.800000 
9.800000 
9.800000 
9.800000 
9.800000 
9.800000 
9.800000 
9.800000 
9.800000 
9.800000 
9.800000 
9.800000 
9.800000 
9.800000 
9.800000 
9.800000 
9.800000 
9.800000 
9.800000 
9.800000 
9.800000 
9.800000 
9.800000 
9.800000 
9.800000 
9.800000 
9.800000 
9.800000 
9.800000 
9.800000 
9.800000 
9.800000 
9.800000 
9.800000 
9.800000 
9.800000 
9.800000 
9.800000 
9.800000 
9.800000 
9.800000 
9.800000 
9.800000 
9.800000 
9.800000 
9.800000 
9.800000 
9.800000 
9.800000 
9.800000 
9.800000 
9.800000 
9.800000 
9.800000 
9.800000 
9.800000 
9.800000 
9.800000 
9.800000 
9.800000 
9.800000 
9.800000 
9.800000 
9.800000 
9.800000 
9.800000 
9.800000 
9.800000 
9.800000 
9.800000 
9.800000 
9.800000 
9.800000 
9.800000 
9.800000 
9.800000 
9.800000 
9.800000 
9.800000 
9.800000 
9.800000 
9.800000 
9.800000 
9.800000 
9.800000 
9.800000 
9.800000 
9.800000 
9.800000 
9.800000 
9.800000 
9.800000 
9.800000 
9.800000 
9.800000 
9.800000 
9.800000 
9.800000 
9.800000 
9.800000 
9.800000 
9.800000 
9.800000 
9.800000 
9.800000 
9.800000 
9.800000 
9.800000 
9.800000 
9.800000 
9.800000 
9.800000 
9.800000 
9.800000 
9.800000 
9.800000 
9.800000 
9.800000 
9.800000 
9.800000 
9.800000 
9.800000 
9.800000 
9.800000 
9.800000 
9.800000 
9.800000 
9.800000 
9.800000 
9.800000 
9.800000 
9.800000 
9.800000 
9.800000 
9.800000 
9.800000 
9.800000 
9.800000 
9.800000 
9.800000 
9.800000 
9.800000 
9.800000 
9.800000 
9.800000 
9.800000 
9.800000 
9.800000 
9.800000 
9.800000 
9.800000 
9.800000 
9.800000 
9.800000 
9.800000 
9.800000 
9.800000 
9.800000 
9.800000 
9.800000 
9.800000 
9.800000 
9.800000 
9.800000 
9.800000 
9.800000 
9.800000 
9.800000 
9.800000 
9.800000 
9.800000 
9.800000 
9.800000 
9.800000 
9.800000 
9.800000 
9.800000 
9.800000 
9.800000 
9.800000 
9.800000 
9.800000 
9.800000 
9.800000 
9.800000 
9.800000 
9.800000 
9.800000 
9.800000 
9.800000 
9.800000 
9.800000 
9.800000 
9.800000 
9.800000 
9.800000 
9.800000 
9.800000 
9.800000 
9.800000 
9.800000 
9.800000 
9.800000 
9.800000 
9.800000 
9.800000 
9.800000 
9.800000 
9.800000 
9.800000 
9.800000 
9.800000 
9.800000 
9.800000 
9.800000 
9.800000 
9.800000 
9.800000 
9.800000 
9.800000 
9.800000 
9.800000 
9.800000 
9.800000 
9.800000 
9.800000 
9.800000 
9.800000 
9.800000 
9.800000 
9.800000 
9.800000 
9.800000 
9.800000 
9.800000 
9.800000 
9.800000 
9.800000 
9.800000 
9.800000 
9.800000 
9.800000 
9.800000 
9.800000 
9.800000 
9.800000 
9.800000 
9.800000 
9.800000 
9.800000 
9.800000 
9.800000 
9.800000 
9.800000 
9.800000 
9.800000 
9.800000 
9.800000 
9.800000 
9.800000 
9.800000 
9.800000 
9.800000 
9.800000 
9.800000 
9.800000 
9.800000 
9.800000 
9.800000 
9.800000 
9.800000 
9.800000 
9.800000 
9.800000 
9.800000 
9.800000 
9.800000 
9.800000 
9.800000 
9.800000 
9.800000 
9.800000 
9.800000 
9.800000 
9.800000 
9.800000 
9.800000 
9.800000 
9.800000 
9.800000 
9.800000 
9.800000 
9.800000 
9.800000 
9.800000 
9.800000 
9.800000 
9.800000 
9.800000 
9.800000 
9.800000 
9.800000 
9.800000 
9.800000 
9.800000 
9.800000 
9.800000 
9.800000 
9.800000 
9.800000 
9.800000 
9.800000 
9.800000 
9.800000 
9.800000 
9.800000 
9.800000 
9.800000 
9.800000 
9.800000 
9.800000 
9.800000 
9.800000 
9.800000 
9.800000 
9.800000 
9.800000 
9.800000 
9.800000 
9.800000 
9.800000 
9.800000 
9.800000 
9.800000 
9.800000 
9.800000 
9.800000 
9.800000 
9.800000 
9.800000 
9.800000 
9.800000 
9.800000 
9.800000 
9.800000 
9.800000 
9.800000 
9.800000 
9.800000 
9.800000 
9.800000 
9.800000 
9.800000 
9.800000 
9.800000 
9.800000 
9.800000 
9.800000 
9.800000 
9.800000 
9.800000 
9.800000 
9.800000 
9.800000 
9.800000 
9.800000 
9.800000 
9.800000 
9.800000 
9.800000 
9.800000 
9.800000 
9.800000 
9.800000 
9.800000 
9.800000 
9.800000 
9.800000 
9.800000 
9.800000 
9.800000 
9.800000 
9.800000 
9.800000 
9.800000 
9.800000 
9.800000 
9.800000 
9.800000 
9.800000 
9.800000 
9.800000 
9.800000 
9.800000 
9.800000 
9.800000 
9.800000 
9.800000 
9.800000 
9.800000 
9.800000 
9.800000 
9.800000 
9.800000 
9.800000 
9.800000 
9.800000 
9.800000 
9.800000 
9.800000 
9.800000 
9.800000 
9.800000 
9.800000 
9.800000 
9.800000 
9.800000 
9.800000 
9.800000 
9.800000 
9.800000 
9.800000 
9.800000 
9.800000 
9.800000 
9.800000 
9.800000 
9.800000 
9.800000 
9.800000 
9.800000 
9.800000 
9.800000 
9.800000 
9.800000 
9.800000 
9.800000 
9.800000 
9.800000 
9.800000 
9.800000 
9.800000 
9.800000 
9.800000 
9.800000 
9.800000 
9.800000 
9.800000 
9.800000 
9.800000 
9.800000 
9.800000 
9.800000 
9.800000 
9.800000 
9.800000 
9.800000 
9.800000 
9.800000 
9.800000 
9.800000 
9.800000 
9.800000 
9.800000 
9.800000 
9.800000 
9.800000 
9.800000 
9.800000 
9.800000 
9.800000 
9.800000 
9.800000 
9.800000 
9.800000 
9.800000 
9.800000 
9.800000 
9.800000 
9.800000 
9.800000 
9.800000 
9.800000 
9.800000 
9.800000 
9.800000 
9.800000 
9.800000 
9.800000 
9.800000 
9.800000 
9.800000 
9.800000 
9.800000 
9.800000 
9.800000 
9.800000 
9.800000 
9.800000 
9.800000 
9.800000 
9.800000 
9.800000 
9.800000 
9.800000 
9.800000 
9.800000 
9.800000 
9.800000 
9.800000 
9.800000 
9.800000 
9.800000 
9.800000 
9.800000 
9.800000 
9.800000 
9.800000 
9.800000 
9.800000 
9.800000 
9.800000 
9.800000 
9.800000 
9.800000 
9.800000 
9.800000 
9.800000 
9.800000 
9.800000 
9.800000 
9.800000 
9.800000 
9.800000 
9.800000 
9.800000 
9.800000 
9.800000 
9.800000 
9.800000 
9.800000 
9.800000 
9.800000 
9.800000 
9.800000 
9.800000 
9.800000 
9.800000 
9.800000 
9.800000 
9.800000 
9.800000 
9.800000 
9.800000 
9.800000 
9.800000 
9.800000 
9.800000 
9.800000 
9.800000 
9.800000 
9.800000 
9.800000 
9.800000 
9.800000 
9.800000 
9.800000 
9.800000 
9.800000 
9.800000 
9.800000 
9.800000 
9.800000 
9.800000 
9.800000 
9.800000 
9.800000 
9.800000 
9.800000 
9.800000 
9.800000 
9.800000 
9.800000 
9.800000 
9.800000 
9.800000 
9.800000 
9.800000 
9.800000 
9.800000 
9.800000 
9.800000 
9.800000 
9.800000 
9.800000 
9.800000 
9.800000 
9.800000 
9.800000 
9.800000 
9.800000 
9.800000 
9.800000 
9.800000 
9.800000 
9.800000 
9.800000 
9.800000 
9.800000 
9.800000 
9.800000 
9.800000 
9.800000 
9.800000 
9.800000 
9.800000 
9.800000 
9.800000 
9.800000 
9.800000 
9.800000 
9.800000 
9.800000 
9.800000 
9.800000 
9.800000 
9.800000 
9.800000 
9.800000 
9.800000 
9.800000 
9.800000 
9.800000 
9.800000 
9.800000 
9.800000 
9.800000 
9.800000 
9.800000 
9.800000 
9.800000 
9.800000 
9.800000 
9.800000 
9.800000 
9.800000 
9.800000 
9.800000 
9.800000 
9.800000 
9.800000 
9.800000 
9.800000 
9.800000 
9.800000 
9.800000 
9.800000 
9.800000 
9.800000 
9.800000 
9.800000 
9.800000 
9.800000 
9.800000 
9.800000 
9.800000 
9.800000 
9.800000 
9.800000 
9.800000 
9.800000 
9.800000 
9.800000 
9.800000 
9.800000 
9.800000 
9.800000 
9.800000 
9.800000 
9.800000 
9.800000 
9.800000 
9.800000 
9.800000 
9.800000 
9.800000 
9.800000 
9.800000 
9.800000 
9.800000 
9.800000 
9.800000 
9.800000 
9.800000 
9.800000 
9.800000 
9.800000 
9.800000 
9.800000 
9.800000 
9.800000 
9.800000 
9.800000 
9.800000 
9.800000 
9.800000 
9.800000 
9.800000 
9.800000 
9.800000 
9.800000 
9.800000 
9.800000 
9.800000 
9.800000 
9.800000 
9.800000 
9.800000 
9.800000 
9.800000 
9.800000 
9.800000 
9.800000 
9.800000 
9.800000 
9.800000 
9.800000 
9.800000 
9.800000 
9.800000 
9.800000 
9.800000 
9.800000 
9.800000 
9.800000 
9.800000 
9.800000 
9.800000 
9.800000 
9.800000 
9.800000 
9.800000 
9.800000 
9.800000 
9.800000 
9.800000 
9.800000 
9.800000 
9.800000 
9.800000 
9.800000 
9.800000 
9.800000 
9.800000 
9.800000 
9.800000 
9.800000 
9.800000 
9.800000 
9.800000 
9.800000 
9.800000 
9.800000 
9.800000 
9.800000 
9.800000 
9.800000 
9.800000 
9.800000 
9.800000 
9.800000 
9.800000 
9.800000 
9.800000 
9.800000 
9.800000 
9.800000 
9.800000 
9.800000 
9.800000 
9.800000 
9.800000 
9.800000 
9.800000 
9.800000 
9.800000 