73.510002 
88.300003 
90.519997 
92.070000 
89.300003 
92.059998 
93.279999 
89.610001 
92.660004 
94.029999 
91.470001 
93.730003 
94.190002 
93.739998 
93.339996 
93.050003 
93.699997 
92.180000 
92.849998 
94.050003 
93.940002 
93.290001 
91.940002 
93.459999 
92.809998 
93.589996 
94.459999 
92.610001 
93.709999 
94.220001 
94.419998 
93.669998 
93.379997 
93.309998 
94.089996 
93.730003 
94.910004 
92.919998 
93.900002 
94.209999 
93.339996 
92.900002 
93.500000 
93.839996 
93.330002 
93.980003 
92.699997 
91.779999 
92.070000 
92.699997 
93.300003 
93.529999 
93.309998 
93.800003 
92.580002 
92.919998 
93.410004 
94.010002 
93.339996 
88.989998 
94.070000 
93.959999 
93.720001 
93.300003 
93.489998 
93.860001 
93.980003 
92.040001 
92.900002 
91.940002 
91.720001 
93.169998 
93.269997 
92.809998 
93.250000 
92.980003 
92.440002 
91.919998 
92.930000 
92.889999 
93.110001 
91.769997 
93.339996 
93.459999 
91.599998 
93.180000 
92.400002 
92.110001 
92.440002 
92.220001 
92.839996 
93.720001 
92.209999 
92.360001 
91.910004 
91.930000 
93.010002 
90.860001 
92.940002 
92.669998 
92.989998 
92.169998 
93.040001 
92.209999 
91.150002 
93.360001 
90.910004 
92.000000 
91.699997 
92.160004 
91.949997 
90.959999 
91.519997 
84.900002 
90.250000 
89.980003 
90.639999 
91.070000 
90.220001 
91.669998 
92.919998 
93.449997 
93.339996 
91.919998 
91.000000 
92.169998 
90.629997 
92.410004 
92.239998 
91.629997 
92.709999 
90.389999 
89.519997 
91.419998 
90.139999 
90.110001 
92.089996 
90.699997 
92.629997 
91.199997 
91.800003 
90.910004 
88.669998 
88.839996 
92.449997 
92.449997 
89.900002 
91.139999 
91.629997 
90.970001 
90.620003 
91.839996 
90.959999 
91.419998 
90.970001 
91.080002 
91.910004 
92.260002 
88.540001 
91.300003 
91.019997 
92.290001 
92.830002 
91.199997 
88.110001 
91.099998 
89.690002 
91.639999 
91.480003 
89.449997 
90.290001 
90.129997 
91.849998 
91.779999 
89.279999 
92.250000 
90.489998 
91.610001 
91.480003 
92.419998 
91.540001 
91.480003 
91.559998 
91.620003 
91.779999 
91.500000 
91.550003 
90.830002 
90.500000 
89.099998 
92.169998 
91.809998 
90.750000 
90.150002 
89.730003 
91.029999 
90.800003 
90.519997 
89.720001 
90.300003 
90.900002 
91.389999 
91.000000 
87.230003 
89.070000 
89.910004 
91.349998 
91.449997 
90.029999 
90.849998 
90.349998 
89.660004 
91.830002 
91.050003 
91.190002 
91.150002 
91.720001 
90.739998 
90.320000 
90.900002 
91.650002 
91.419998 
91.660004 
90.879997 
91.610001 
92.169998 
91.120003 
91.470001 
91.559998 
91.089996 
92.099998 
91.660004 
91.449997 
88.269997 
90.989998 
90.410004 
90.919998 
88.940002 
90.430000 
91.230003 
89.989998 
92.169998 
90.919998 
92.370003 
91.860001 
90.089996 
92.019997 
90.540001 
90.059998 
92.110001 
91.400002 
89.139999 
90.470001 
88.099998 
89.540001 
90.260002 
89.430000 
91.959999 
91.260002 
87.860001 
91.169998 
91.889999 
90.019997 
91.959999 
88.440002 
91.489998 
92.220001 
90.980003 
90.910004 
90.879997 
91.239998 
91.120003 
89.940002 
88.290001 
90.230003 
88.860001 
89.629997 
89.019997 
89.739998 
90.059998 
90.129997 
90.139999 
90.410004 
88.449997 
90.160004 
90.889999 
88.879997 
90.419998 
91.480003 
89.660004 
89.519997 
91.040001 
90.639999 
88.360001 
90.099998 
90.949997 
89.269997 
89.980003 
90.879997 
87.320000 
89.029999 
89.940002 
90.269997 
90.250000 
88.309998 
90.349998 
90.570000 
88.910004 
91.970001 
91.110001 
91.660004 
88.699997 
90.540001 
88.699997 
91.519997 
91.910004 
92.040001 
91.139999 
89.629997 
87.070000 
90.059998 
91.959999 
91.440002 
90.430000 
89.809998 
90.029999 
90.330002 
89.800003 
87.459999 
89.190002 
90.360001 
90.730003 
90.660004 
92.059998 
91.820000 
88.839996 
90.910004 
88.070000 
89.160004 
90.589996 
90.809998 
87.589996 
90.250000 
86.989998 
88.239998 
89.440002 
89.809998 
92.080002 
92.610001 
90.919998 
91.529999 
90.089996 
90.389999 
91.790001 
90.239998 
88.930000 
89.949997 
92.129997 
91.650002 
90.820000 
91.050003 
90.290001 
91.349998 
89.739998 
90.209999 
87.230003 
89.620003 
91.580002 
91.120003 
88.730003 
89.870003 
91.800003 
90.629997 
90.459999 
91.599998 
91.510002 
91.050003 
91.070000 
91.980003 
90.580002 
85.540001 
88.959999 
88.879997 
90.019997 
89.779999 
90.209999 
89.589996 
86.480003 
88.559998 
88.860001 
90.180000 
90.099998 
90.040001 
91.029999 
87.730003 
89.940002 
90.360001 
87.459999 
89.680000 
91.730003 
89.190002 
90.169998 
89.900002 
88.320000 
90.120003 
90.559998 
88.290001 
90.989998 
88.379997 
89.190002 
91.129997 
86.800003 
90.339996 
88.419998 
91.349998 
89.300003 
89.970001 
91.510002 
90.129997 
90.809998 
89.889999 
89.720001 
89.330002 
89.330002 
89.820000 
88.959999 
91.000000 
89.680000 
88.500000 
89.860001 
88.800003 
88.709999 
90.470001 
91.250000 
89.839996 
90.110001 
87.290001 
89.680000 
89.790001 
89.980003 
90.739998 
87.570000 
90.669998 
68.620003 
87.150002 
88.639999 
89.870003 
87.870003 
87.330002 
89.550003 
89.440002 
90.150002 
89.459999 
89.250000 
88.750000 
88.949997 
88.849998 
88.580002 
89.900002 
89.830002 
88.400002 
89.800003 
90.070000 
90.419998 
85.910004 
89.080002 
89.610001 
90.750000 
90.139999 
88.910004 
89.220001 
90.980003 
91.050003 
86.279999 
89.910004 
90.650002 
89.059998 
88.239998 
86.410004 
89.769997 
86.410004 
88.260002 
89.720001 
88.680000 
88.690002 
86.739998 
89.089996 
90.000000 
89.739998 
90.099998 
83.370003 
90.430000 
86.849998 
90.370003 
88.860001 
90.089996 
85.970001 
86.900002 
87.599998 
89.870003 
87.760002 
90.339996 
87.000000 
90.279999 
89.570000 
89.419998 
88.519997 
89.959999 
88.800003 
89.370003 
90.000000 
90.339996 
90.070000 
89.209999 
86.180000 
90.949997 
91.510002 
90.269997 
90.129997 
89.430000 
89.620003 
91.099998 
86.650002 
86.489998 
89.059998 
88.959999 
88.860001 
87.209999 
89.620003 
88.260002 
87.610001 
88.849998 
88.709999 
86.540001 
85.959999 
89.209999 
88.959999 
85.209999 
81.190002 
88.150002 
87.500000 
88.010002 
88.470001 
86.529999 
89.660004 
90.290001 
87.379997 
89.220001 
89.680000 
89.900002 
89.230003 
88.529999 
88.500000 
89.760002 
87.669998 
89.089996 
87.430000 
89.370003 
89.459999 
88.639999 
84.500000 
84.970001 
87.510002 
88.809998 
88.989998 
87.739998 
88.120003 
87.809998 
88.919998 
88.910004 
89.639999 
88.930000 
87.779999 
88.129997 
87.269997 
89.930000 
88.570000 
88.949997 
89.599998 
89.510002 
88.099998 
84.650002 
77.620003 
89.080002 
88.230003 
89.019997 
88.010002 
87.800003 
89.410004 
86.889999 
88.959999 
89.339996 
87.940002 
90.690002 
89.290001 
90.250000 
90.559998 
89.260002 
89.459999 
88.220001 
88.169998 
89.500000 
85.839996 
90.419998 
86.150002 
90.339996 
87.809998 
88.800003 
89.160004 
87.040001 
87.360001 
87.910004 
89.339996 
88.559998 
87.209999 
89.620003 
88.260002 
87.610001 
88.849998 
88.709999 
86.540001 
85.959999 
89.209999 
88.959999 
85.209999 
81.190002 
88.150002 
87.500000 
88.010002 
88.470001 
86.529999 
89.660004 
90.290001 
87.379997 
89.220001 
89.680000 
89.900002 
89.230003 
88.529999 
88.500000 
89.760002 
87.669998 
89.089996 
87.430000 
89.370003 
89.459999 
88.639999 
84.500000 
84.970001 
87.510002 
88.809998 
88.989998 
87.739998 
88.120003 
87.809998 
88.919998 
88.910004 
89.639999 
88.930000 
87.779999 
88.129997 
87.269997 
89.930000 
88.570000 
88.949997 
89.599998 
89.510002 
88.099998 
84.650002 
77.620003 
89.080002 
88.230003 
89.019997 
88.010002 
87.800003 
89.410004 
86.889999 
88.959999 
89.339996 
87.940002 
90.690002 
89.290001 
90.250000 
90.559998 
89.260002 
89.459999 
88.220001 
88.169998 
89.500000 
85.839996 
90.419998 
86.150002 
90.339996 
87.809998 
88.800003 
89.160004 
87.040001 
87.360001 
87.910004 
89.339996 
88.559998 
87.209999 
89.620003 
88.260002 
87.610001 
88.849998 
88.709999 
86.540001 
85.959999 
89.209999 
88.959999 
85.209999 
81.190002 
88.150002 
87.500000 
88.010002 
88.470001 
86.529999 
89.660004 
90.290001 
87.379997 
89.220001 
89.680000 
89.900002 
89.230003 
88.529999 
88.500000 
89.760002 
87.669998 
89.089996 
87.430000 
89.370003 
89.459999 
88.639999 
84.500000 
84.970001 
87.510002 
88.809998 
88.989998 
87.739998 
88.120003 
87.809998 
88.919998 
88.910004 
89.639999 
88.930000 
87.779999 
88.129997 
87.269997 
89.930000 
88.570000 
88.949997 
89.599998 
89.510002 
88.099998 
84.650002 
77.620003 
89.080002 
88.230003 
89.019997 
88.010002 
87.800003 
89.410004 
86.889999 
88.959999 
89.339996 
87.940002 
90.690002 
89.290001 
90.250000 
90.559998 
89.260002 
89.459999 
88.220001 
88.169998 
89.500000 
85.839996 
90.419998 
86.150002 
90.339996 
87.809998 
88.800003 
89.160004 
87.040001 
87.360001 
87.910004 
89.339996 
88.559998 
87.209999 
89.620003 
88.260002 
87.610001 
88.849998 
88.709999 
86.540001 
85.959999 
89.209999 
88.959999 
85.209999 
81.190002 
88.150002 
87.500000 
88.010002 
88.470001 
86.529999 
89.660004 
90.290001 
87.379997 
89.220001 
89.680000 
89.900002 
89.230003 
88.529999 
88.500000 
89.760002 
87.669998 
89.089996 
87.430000 
89.370003 
89.459999 
88.639999 
84.500000 
84.970001 
87.510002 
88.809998 
88.989998 
87.739998 
88.120003 
87.809998 
88.919998 
88.910004 
89.639999 
88.930000 
87.779999 
88.129997 
87.269997 
89.930000 
88.570000 
88.949997 
89.599998 
89.510002 
88.099998 
84.650002 
77.620003 
89.080002 
88.230003 
89.019997 
88.010002 
87.800003 
89.410004 
86.889999 
88.959999 
89.339996 
87.940002 
90.690002 
89.290001 
90.250000 
90.559998 
89.260002 
89.459999 
88.220001 
88.169998 
89.500000 
85.839996 
90.419998 
86.150002 
90.339996 
87.809998 
88.800003 
89.160004 
87.040001 
87.360001 
87.910004 
89.339996 
88.559998 
87.209999 
89.620003 
88.260002 
87.610001 
88.849998 
88.709999 
86.540001 
85.959999 
89.209999 
88.959999 
85.209999 
81.190002 
88.150002 
87.500000 
88.010002 
88.470001 
86.529999 
89.660004 
90.290001 
87.379997 
89.220001 
89.680000 
89.900002 
89.230003 
88.529999 
88.500000 
89.760002 
87.669998 
89.089996 
87.430000 
89.370003 
89.459999 
88.639999 
84.500000 
84.970001 
87.510002 
88.809998 
88.989998 
87.739998 
88.120003 
87.809998 
88.919998 
88.910004 
89.639999 
88.930000 
87.779999 
88.129997 
87.269997 
89.930000 
88.570000 
88.949997 
89.599998 
89.510002 
88.099998 
84.650002 
77.620003 
89.080002 
88.230003 
89.019997 
88.010002 
87.800003 
89.410004 
86.889999 
88.959999 
89.339996 
87.940002 
90.690002 
89.290001 
90.250000 
90.559998 
89.260002 
89.459999 
88.220001 
88.169998 
89.500000 
85.839996 
90.419998 
86.150002 
90.339996 
87.809998 
88.800003 
89.160004 
87.040001 
87.360001 
87.910004 
89.339996 
88.559998 
87.209999 
89.620003 
88.260002 
87.610001 
88.849998 
88.709999 
86.540001 
85.959999 
89.209999 
88.959999 
85.209999 
81.190002 
88.150002 
87.500000 
88.010002 
88.470001 
86.529999 
89.660004 
90.290001 
87.379997 
89.220001 
89.680000 
89.900002 
89.230003 
88.529999 
88.500000 
89.760002 
87.669998 
89.089996 
87.430000 
89.370003 
89.459999 
88.639999 
84.500000 
84.970001 
87.510002 
88.809998 
88.989998 