12.900000 
27.480000 
25.760000 
36.849998 
49.470001 
46.270000 
35.450001 
57.000000 
50.520000 
41.380001 
22.510000 
26.520000 
27.219999 
43.369999 
20.129999 
12.690000 
10.270000 
10.170000 
11.790000 
10.220000 
10.090000 
11.010000 
12.710000 
11.680000 
10.570000 
10.300000 
10.530000 
10.340000 
10.130000 
11.680000 
9.570000 
10.190000 
11.410000 
9.590000 
8.910000 
10.100000 
10.160000 
11.430000 
10.090000 
10.080000 
9.430000 
11.420000 
10.020000 
8.930000 
8.960000 
8.930000 
9.820000 
9.910000 
9.730000 
8.920000 
11.360000 
11.350000 
10.580000 
10.290000 
10.080000 
10.100000 
10.110000 
10.100000 
10.100000 
10.310000 
10.250000 
10.100000 
10.130000 
10.050000 
10.340000 
9.610000 
9.570000 
11.350000 
11.350000 
10.320000 
11.350000 
11.350000 
9.580000 
11.390000 
11.350000 
9.800000 
11.350000 
10.170000 
11.350000 
11.350000 
9.740000 
10.090000 
9.740000 
10.320000 
9.800000 
10.290000 
9.820000 
9.820000 
9.820000 
9.820000 
10.280000 
10.280000 
10.280000 
10.280000 
10.280000 
11.350000 
11.350000 
10.320000 
11.350000 
10.280000 
10.280000 
11.350000 
11.350000 
11.350000 
10.320000 
9.800000 
10.090000 
11.350000 
11.350000 
9.580000 
9.800000 
9.800000 
9.740000 
9.740000 
10.090000 
9.740000 
10.090000 
9.800000 
9.580000 
9.820000 
10.090000 
10.270000 
10.290000 
10.110000 
10.100000 
11.350000 
10.100000 
10.110000 
9.750000 
8.920000 
9.580000 
11.350000 
11.350000 
11.350000 
11.350000 
9.740000 
9.580000 
9.580000 
9.820000 
9.740000 
9.740000 
11.350000 
9.800000 
9.740000 
9.740000 
9.800000 
9.800000 
10.090000 
11.340000 
8.920000 
11.350000 
11.350000 
9.800000 
8.920000 
8.920000 
11.350000 
11.350000 
11.350000 
9.800000 
9.820000 
9.800000 
10.090000 
11.350000 
11.360000 
9.830000 
11.350000 
9.820000 
9.820000 
9.580000 
10.100000 
10.100000 
10.100000 
9.800000 
10.100000 
10.090000 
10.280000 
10.280000 
10.280000 
11.680000 
10.570000 
10.300000 
10.530000 
10.340000 
10.130000 
11.680000 
9.570000 
10.190000 
11.410000 
9.590000 
8.910000 
10.100000 
10.160000 
11.430000 
10.090000 
10.080000 
9.430000 
11.420000 
10.020000 
8.930000 
8.960000 
8.930000 
9.820000 
9.910000 
9.730000 
8.920000 
11.360000 
11.350000 
10.580000 
10.290000 
10.080000 
10.100000 
10.110000 
10.100000 
10.100000 
10.310000 
10.250000 
10.100000 
10.130000 
10.050000 
10.340000 
9.610000 
9.570000 
11.350000 
11.350000 
10.320000 
11.350000 
11.350000 
9.580000 
11.390000 
11.350000 
9.800000 
11.350000 
10.170000 
11.350000 
11.350000 
9.740000 
10.090000 
9.740000 
10.320000 
9.800000 
10.290000 
9.820000 
9.820000 
9.820000 
9.820000 
10.280000 
10.280000 
10.280000 
10.280000 
10.280000 
11.350000 
11.350000 
10.320000 
11.350000 
10.280000 
10.280000 
11.350000 
11.350000 
11.350000 
10.320000 
9.800000 
10.090000 
11.350000 
11.350000 
9.580000 
9.800000 
9.800000 
9.740000 
9.740000 
10.090000 
9.740000 
10.090000 
9.800000 
9.580000 
9.820000 
10.090000 
10.270000 
10.290000 
10.110000 
10.100000 
11.350000 
10.100000 
10.110000 
9.750000 
8.920000 
9.580000 
11.350000 
11.350000 
11.350000 
11.350000 
9.740000 
9.580000 
9.580000 
9.820000 
9.740000 
9.740000 
11.350000 
9.800000 
9.740000 
9.740000 
9.800000 
9.800000 
10.090000 
11.340000 
8.920000 
11.350000 
11.350000 
9.800000 
8.920000 
8.920000 
11.350000 
11.350000 
11.350000 
9.800000 
9.820000 
9.800000 
10.090000 
11.350000 
11.360000 
9.830000 
11.350000 
9.820000 
9.820000 
9.580000 
10.100000 
10.100000 
10.100000 
9.800000 
10.100000 
10.090000 
10.280000 
10.280000 
10.280000 
11.680000 
10.570000 
10.300000 
10.530000 
10.340000 
10.130000 
11.680000 
9.570000 
10.190000 
11.410000 
9.590000 
8.910000 
10.100000 
10.160000 
11.430000 
10.090000 
10.080000 
9.430000 
11.420000 
10.020000 
8.930000 
8.960000 
8.930000 
9.820000 
9.910000 
9.730000 
8.920000 
11.360000 
11.350000 
10.580000 
10.290000 
10.080000 
10.100000 
10.110000 
10.100000 
10.100000 
10.310000 
10.250000 
10.100000 
10.130000 
10.050000 
10.340000 
9.610000 
9.570000 
11.350000 
11.350000 
10.320000 
11.350000 
11.350000 
9.580000 
11.390000 
11.350000 
9.800000 
11.350000 
10.170000 
11.350000 
11.350000 
9.740000 
10.090000 
9.740000 
10.320000 
9.800000 
10.290000 
9.820000 
9.820000 
9.820000 
9.820000 
10.280000 
10.280000 
10.280000 
10.280000 
10.280000 
11.350000 
11.350000 
10.320000 
11.350000 
10.280000 
10.280000 
11.350000 
11.350000 
11.350000 
10.320000 
9.800000 
10.090000 
11.350000 
11.350000 
9.580000 
9.800000 
9.800000 
9.740000 
9.740000 
10.090000 
9.740000 
10.090000 
9.800000 
9.580000 
9.820000 
10.090000 
10.270000 
10.290000 
10.110000 
10.100000 
11.350000 
10.100000 
10.110000 
9.750000 
8.920000 
9.580000 
11.350000 
11.350000 
11.350000 
11.350000 
9.740000 
9.580000 
9.580000 
9.820000 
9.740000 
9.740000 
11.350000 
9.800000 
9.740000 
9.740000 
9.800000 
9.800000 
10.090000 
11.340000 
8.920000 
11.350000 
11.350000 
9.800000 
8.920000 
8.920000 
11.350000 
11.350000 
11.350000 
9.800000 
9.820000 
9.800000 
10.090000 
11.350000 
11.360000 
9.830000 
11.350000 
9.820000 
9.820000 
9.580000 
10.100000 
10.100000 
10.100000 
9.800000 
10.100000 
10.090000 
10.280000 
10.280000 
10.280000 
11.680000 
10.570000 
10.300000 
10.530000 
10.340000 
10.130000 
11.680000 
9.570000 
10.190000 
11.410000 
9.590000 
8.910000 
10.100000 
10.160000 
11.430000 
10.090000 
10.080000 
9.430000 
11.420000 
10.020000 
8.930000 
8.960000 
8.930000 
9.820000 
9.910000 
9.730000 
8.920000 
11.360000 
11.350000 
10.580000 
10.290000 
10.080000 
10.100000 
10.110000 
10.100000 
10.100000 
10.310000 
10.250000 
10.100000 
10.130000 
10.050000 
10.340000 
9.610000 
9.570000 
11.350000 
11.350000 
10.320000 
11.350000 
11.350000 
9.580000 
11.390000 
11.350000 
9.800000 
11.350000 
10.170000 
11.350000 
11.350000 
9.740000 
10.090000 
9.740000 
10.320000 
9.800000 
10.290000 
9.820000 
9.820000 
9.820000 
9.820000 
10.280000 
10.280000 
10.280000 
10.280000 
10.280000 
11.350000 
11.350000 
10.320000 
11.350000 
10.280000 
10.280000 
11.350000 
11.350000 
11.350000 
10.320000 
9.800000 
10.090000 
11.350000 
11.350000 
9.580000 
9.800000 
9.800000 
9.740000 
9.740000 
10.090000 
9.740000 
10.090000 
9.800000 
9.580000 
9.820000 
10.090000 
10.270000 
10.290000 
10.110000 
10.100000 
11.350000 
10.100000 
10.110000 
9.750000 
8.920000 
9.580000 
11.350000 
11.350000 
11.350000 
11.350000 
9.740000 
9.580000 
9.580000 
9.820000 
9.740000 
9.740000 
11.350000 
9.800000 
9.740000 
9.740000 
9.800000 
9.800000 
10.090000 
11.340000 
8.920000 
11.350000 
11.350000 
9.800000 
8.920000 
8.920000 
11.350000 
11.350000 
11.350000 
9.800000 
9.820000 
9.800000 
10.090000 
11.350000 
11.360000 
9.830000 
11.350000 
9.820000 
9.820000 
9.580000 
10.100000 
10.100000 
10.100000 
9.800000 
10.100000 
10.090000 
10.280000 
10.280000 
10.280000 
11.680000 
10.570000 
10.300000 
10.530000 
10.340000 
10.130000 
11.680000 
9.570000 
10.190000 
11.410000 
9.590000 
8.910000 
10.100000 
10.160000 
11.430000 
10.090000 
10.080000 
9.430000 
11.420000 
10.020000 
8.930000 
8.960000 
8.930000 
9.820000 
9.910000 
9.730000 
8.920000 
11.360000 
11.350000 
10.580000 
10.290000 
10.080000 
10.100000 
10.110000 
10.100000 
10.100000 
10.310000 
10.250000 
10.100000 
10.130000 
10.050000 
10.340000 
9.610000 
9.570000 
11.350000 
11.350000 
10.320000 
11.350000 
11.350000 
9.580000 
11.390000 
11.350000 
9.800000 
11.350000 
10.170000 
11.350000 
11.350000 
9.740000 
10.090000 
9.740000 
10.320000 
9.800000 
10.290000 
9.820000 
9.820000 
9.820000 
9.820000 
10.280000 
10.280000 
10.280000 
10.280000 
10.280000 
11.350000 
11.350000 
10.320000 
11.350000 
10.280000 
10.280000 
11.350000 
11.350000 
11.350000 
10.320000 
9.800000 
10.090000 
11.350000 
11.350000 
9.580000 
9.800000 
9.800000 
9.740000 
9.740000 
10.090000 
9.740000 
10.090000 
9.800000 
9.580000 
9.820000 
10.090000 
10.270000 
10.290000 
10.110000 
10.100000 
11.350000 
10.100000 
10.110000 
9.750000 
8.920000 
9.580000 
11.350000 
11.350000 
11.350000 
11.350000 
9.740000 
9.580000 
9.580000 
9.820000 
9.740000 
9.740000 
11.350000 
9.800000 
9.740000 
9.740000 
9.800000 
9.800000 
10.090000 
11.340000 
8.920000 
11.350000 
11.350000 
9.800000 
8.920000 
8.920000 
11.350000 
11.350000 
11.350000 
9.800000 
9.820000 
9.800000 
10.090000 
11.350000 
11.360000 
9.830000 
11.350000 
9.820000 
9.820000 
9.580000 
10.100000 
10.100000 
10.100000 
9.800000 
10.100000 
10.090000 
10.280000 
10.280000 
10.280000 
11.680000 
10.570000 
10.300000 
10.530000 
10.340000 
10.130000 
11.680000 
9.570000 
10.190000 
11.410000 
9.590000 
8.910000 
10.100000 
10.160000 
11.430000 
10.090000 
10.080000 
9.430000 
11.420000 
10.020000 
8.930000 
8.960000 
8.930000 
9.820000 
9.910000 
9.730000 
8.920000 
11.360000 
11.350000 
10.580000 
10.290000 
10.080000 
10.100000 
10.110000 
10.100000 
10.100000 
10.310000 
10.250000 
10.100000 
10.130000 
10.050000 
10.340000 
9.610000 
9.570000 
11.350000 
11.350000 
10.320000 
11.350000 
11.350000 
9.580000 
11.390000 
11.350000 
9.800000 
11.350000 
10.170000 
11.350000 
11.350000 
9.740000 
10.090000 
9.740000 
10.320000 
9.800000 
10.290000 
9.820000 
9.820000 
9.820000 
9.820000 
10.280000 
10.280000 
10.280000 
10.280000 
10.280000 
11.350000 
11.350000 
10.320000 
11.350000 
10.280000 
10.280000 
11.350000 
11.350000 
11.350000 
10.320000 
9.800000 
10.090000 
11.350000 
11.350000 
9.580000 
9.800000 
9.800000 
9.740000 
9.740000 
10.090000 
9.740000 
10.090000 
9.800000 
9.580000 
9.820000 
10.090000 
10.270000 
10.290000 
10.110000 
10.100000 
11.350000 
10.100000 
10.110000 
9.750000 
8.920000 
9.580000 
11.350000 
11.350000 
11.350000 
11.350000 
9.740000 
9.580000 
9.580000 
9.820000 
9.740000 
9.740000 
11.350000 
9.800000 
9.740000 
9.740000 
9.800000 
9.800000 
10.090000 
11.340000 
8.920000 
11.350000 
11.350000 
9.800000 
8.920000 
8.920000 
11.350000 
11.350000 
11.350000 
9.800000 
9.820000 
9.800000 
10.090000 
11.350000 
11.360000 
9.830000 
11.350000 
9.820000 
9.820000 
9.580000 
10.100000 
10.100000 
10.100000 
9.800000 
10.100000 
10.090000 
10.280000 
10.280000 
10.280000 
9.830000 
11.350000 
9.820000 
9.820000 
9.580000 
10.100000 
10.100000 
10.100000 
9.800000 
10.100000 
10.090000 
10.280000 
10.280000 
10.280000 
9.830000 
11.350000 
9.820000 
9.820000 
9.580000 
10.100000 
10.100000 
10.100000 
9.800000 
10.100000 
10.090000 
10.280000 
10.280000 
10.280000 
9.830000 
11.350000 
9.820000 
9.820000 
9.580000 
10.100000 
10.100000 
10.100000 
9.800000 
10.100000 
10.090000 
10.280000 
10.280000 
10.280000 
10.100000 
10.100000 
9.800000 
10.100000 
10.090000 