12.070000 
9.410000 
12.590000 
14.930000 
9.470000 
12.480000 
9.790000 
13.000000 
11.190000 
9.760000 
11.190000 
13.330000 
12.200000 
7.920000 
10.080000 
9.570000 
9.650000 
10.290000 
9.450000 
9.050000 
9.760000 
10.310000 
10.150000 
9.590000 
11.660000 
8.910000 
10.400000 
11.000000 
10.300000 
12.810000 
10.270000 
10.210000 
11.410000 
10.100000 
10.330000 
10.270000 
8.890000 
10.740000 
9.800000 
10.290000 
9.620000 
10.090000 
9.830000 
10.150000 
10.270000 
9.760000 
9.820000 
9.740000 
10.280000 
9.850000 
9.820000 
9.740000 
9.730000 
11.350000 
9.840000 
9.820000 
9.760000 
9.490000 
9.910000 
9.750000 
9.750000 
9.730000 
10.320000 
10.290000 
10.320000 
10.310000 
10.320000 
10.090000 
10.100000 
9.820000 
10.310000 
9.730000 
10.290000 
9.740000 
9.580000 
10.090000 
10.090000 
10.320000 
10.350000 
10.320000 
10.040000 
8.890000 
10.320000 
10.280000 
10.340000 
10.280000 
10.320000 
10.310000 
9.630000 
9.580000 
10.290000 
9.750000 
9.740000 
9.580000 
10.280000 
10.280000 
10.290000 
9.800000 
9.800000 
9.730000 
10.320000 
10.320000 
10.100000 
9.800000 
8.920000 
9.800000 
8.920000 
8.920000 
8.920000 
9.580000 
9.580000 
9.580000 
9.580000 
8.920000 
9.810000 
9.820000 
8.920000 
8.920000 
8.920000 
10.090000 
10.090000 
10.090000 
9.800000 
9.870000 
9.820000 
9.820000 
9.820000 
9.800000 
9.580000 
9.800000 
9.800000 
9.820000 
9.850000 
9.810000 
9.810000 
9.810000 
9.800000 
9.830000 
7.000000 
9.800000 
9.800000 
9.800000 
9.800000 
9.800000 
9.800000 
9.800000 
9.800000 
9.800000 
9.800000 
9.800000 
9.800000 
9.800000 
9.800000 
9.800000 
9.800000 
9.800000 
9.800000 
9.800000 
9.800000 
9.800000 
9.800000 
9.800000 
9.800000 
9.800000 
9.800000 
9.800000 
9.800000 
9.800000 
9.800000 
9.800000 
9.800000 
9.800000 
9.800000 
9.800000 
9.800000 
9.800000 
9.800000 
9.800000 
9.800000 
9.800000 
9.800000 
9.800000 
9.800000 
9.800000 
9.800000 
9.800000 
9.800000 
9.800000 
9.800000 
9.800000 
9.800000 
9.800000 
9.800000 
9.800000 
9.800000 
9.800000 
9.800000 
9.800000 
9.800000 
9.800000 
9.800000 
9.800000 
9.800000 
9.800000 
9.800000 
9.800000 
9.800000 
9.800000 
9.800000 
9.800000 
9.800000 
9.800000 
9.800000 
9.800000 
9.800000 
9.800000 
9.800000 
9.800000 
9.800000 
9.800000 
9.800000 
9.800000 
9.800000 
9.800000 
9.800000 
9.800000 
9.800000 
9.800000 
9.800000 
9.800000 
9.800000 
9.800000 
9.800000 
9.800000 
9.800000 
9.800000 
9.800000 
9.800000 
9.800000 
9.800000 
9.800000 
9.800000 
9.800000 
9.800000 
9.800000 
9.800000 
9.800000 
9.800000 
9.800000 
9.800000 
9.800000 
9.800000 
9.800000 
9.800000 
9.800000 
9.800000 
9.800000 
9.800000 
9.800000 
9.800000 
9.800000 
9.800000 
9.800000 
9.800000 
9.800000 
9.800000 
9.800000 
9.800000 
9.800000 
9.800000 
9.800000 
9.800000 
9.800000 
9.800000 
9.800000 
9.800000 
9.800000 
9.800000 
9.800000 
9.800000 
9.800000 
9.800000 
9.800000 
9.800000 
9.800000 
9.800000 
9.800000 
9.800000 
9.800000 
9.800000 
9.800000 
9.800000 
9.800000 
9.800000 
9.800000 
9.800000 
9.800000 
9.800000 
9.800000 
9.800000 
9.800000 
9.800000 
9.800000 
9.800000 
9.800000 
9.800000 
9.800000 
9.800000 
9.800000 
9.800000 
9.800000 
9.800000 
9.800000 
9.800000 
9.800000 
9.800000 
9.800000 
9.800000 
9.800000 
9.800000 
9.800000 
9.800000 
9.800000 
9.800000 
9.800000 
9.800000 
9.800000 
9.800000 
9.800000 
9.800000 
9.800000 
9.800000 
9.800000 
9.800000 
9.800000 
9.800000 
9.800000 
9.800000 
9.800000 
9.800000 
9.800000 
9.800000 
9.800000 
9.800000 
9.800000 
9.800000 
9.800000 
9.800000 
9.800000 
9.800000 
9.800000 
9.800000 
9.800000 
9.800000 
9.800000 
9.800000 
9.800000 
9.800000 
9.800000 
9.800000 
9.800000 
9.800000 
9.800000 
9.800000 
9.800000 
9.800000 
9.800000 
9.800000 
9.800000 
9.800000 
9.800000 
9.800000 
9.800000 
9.800000 
9.800000 
9.800000 
9.800000 
9.800000 
9.800000 
9.800000 
9.800000 
9.800000 
9.800000 
9.800000 
9.800000 
9.800000 
9.800000 
9.800000 
9.800000 
9.800000 
9.800000 
9.800000 
9.800000 
9.800000 
9.800000 
9.800000 
9.800000 
9.800000 
9.800000 
9.800000 
9.800000 
9.800000 
9.800000 
9.800000 
9.800000 
9.800000 
9.800000 
9.800000 
9.800000 
9.800000 
9.800000 
9.800000 
9.800000 
9.800000 
9.800000 
9.800000 
9.800000 
9.800000 
9.800000 
9.800000 
9.800000 
9.800000 
9.800000 
9.800000 
9.800000 
9.800000 
9.800000 
9.800000 
9.800000 
9.800000 
9.800000 
9.800000 
9.800000 
9.800000 
9.800000 
9.800000 
9.800000 
9.800000 
9.800000 
9.800000 
9.800000 
9.800000 
9.800000 
9.800000 
9.800000 
9.800000 
9.800000 
9.800000 
9.800000 
9.800000 
9.800000 
9.800000 
9.800000 
9.800000 
9.800000 
9.800000 
9.800000 
9.800000 
9.800000 
9.800000 
9.800000 
9.800000 
9.800000 
9.800000 
9.800000 
9.800000 
9.800000 
9.800000 
9.800000 
9.800000 
9.800000 
9.800000 
9.800000 
9.800000 
9.800000 
9.800000 
9.800000 
9.800000 
9.800000 
9.800000 
9.800000 
9.800000 
9.800000 
9.800000 
9.800000 
9.800000 
9.800000 
9.800000 
9.800000 
9.800000 
9.800000 
9.800000 
9.800000 
9.800000 
9.800000 
9.800000 
9.800000 
9.800000 
9.800000 
9.800000 
9.800000 
9.800000 
9.800000 
9.800000 
9.800000 
9.800000 
9.800000 
9.800000 
9.800000 
9.800000 
9.800000 
9.800000 
9.800000 
9.800000 
9.800000 
9.800000 
9.800000 
9.800000 
9.800000 
9.800000 
9.800000 
9.800000 
9.800000 
9.800000 
9.800000 
9.800000 
9.800000 
9.800000 
9.800000 
9.800000 
9.800000 
9.800000 
9.800000 
9.800000 
9.800000 
9.800000 
9.800000 
9.800000 
9.800000 
9.800000 
9.800000 
9.800000 
9.800000 
9.800000 
9.800000 
9.800000 
9.800000 
9.800000 
9.800000 
9.800000 
9.800000 
9.800000 
9.800000 
9.800000 
9.800000 
9.800000 
9.800000 
9.800000 
9.800000 
9.800000 
9.800000 
9.800000 
9.800000 
9.800000 
9.800000 
9.800000 
9.800000 
9.800000 
9.800000 
9.800000 
9.800000 
9.800000 
9.800000 
9.800000 
9.800000 
9.800000 
9.800000 
9.800000 
9.800000 
9.800000 
9.800000 
9.800000 
9.800000 
9.800000 
9.800000 
9.800000 
9.800000 
9.800000 
9.800000 
9.800000 
9.800000 
9.800000 
9.800000 
9.800000 
9.800000 
9.800000 
9.800000 
9.800000 
9.800000 
9.800000 
9.800000 
9.800000 
9.800000 
9.800000 
9.800000 
9.800000 
9.800000 
9.800000 
9.800000 
9.800000 
9.800000 
9.800000 
9.800000 
9.800000 
9.800000 
9.800000 
9.800000 
9.800000 
9.800000 
9.800000 
9.800000 
9.800000 
9.800000 
9.800000 
9.800000 
9.800000 
9.800000 
9.800000 
9.800000 
9.800000 
9.800000 
9.800000 
9.800000 
9.800000 
9.800000 
9.800000 
9.800000 
9.800000 
9.800000 
9.800000 
9.800000 
9.800000 
9.800000 
9.800000 
9.800000 
9.800000 
9.800000 
9.800000 
9.800000 
9.800000 
9.800000 
9.800000 
9.800000 
9.800000 
9.800000 
9.800000 
9.800000 
9.800000 
9.800000 
9.800000 
9.800000 
9.800000 
9.800000 
9.800000 
9.800000 
9.800000 
9.800000 
9.800000 
9.800000 
9.800000 
9.800000 
9.800000 
9.800000 
9.800000 
9.800000 
9.800000 
9.800000 
9.800000 
9.800000 
9.800000 
9.800000 
9.800000 
9.800000 
9.800000 
9.800000 
9.800000 
9.800000 
9.800000 
9.800000 
9.800000 
9.800000 
9.800000 
9.800000 
9.800000 
9.800000 
9.800000 
9.800000 
9.800000 
9.800000 
9.800000 
9.800000 
9.800000 
9.800000 
9.800000 
9.800000 
9.800000 
9.800000 
9.800000 
9.800000 
9.800000 
9.800000 
9.800000 
9.800000 
9.800000 
9.800000 
9.800000 
9.800000 
9.800000 
9.800000 
9.800000 
9.800000 
9.800000 
9.800000 
9.800000 
9.800000 
9.800000 
9.800000 
9.800000 
9.800000 
9.800000 
9.800000 
9.800000 
9.800000 
9.800000 
9.800000 
9.800000 
9.800000 
9.800000 
9.800000 
9.800000 
9.800000 
9.800000 
9.800000 
9.800000 
9.800000 
9.800000 
9.800000 
9.800000 
9.800000 
9.800000 
9.800000 
9.800000 
9.800000 
9.800000 
9.800000 
9.800000 
9.800000 
9.800000 
9.800000 
9.800000 
9.800000 
9.800000 
9.800000 
9.800000 
9.800000 
9.800000 
9.800000 
9.800000 
9.800000 
9.800000 
9.800000 
9.800000 
9.800000 
9.800000 
9.800000 
9.800000 
9.800000 
9.800000 
9.800000 
9.800000 
9.800000 
9.800000 
9.800000 
9.800000 
9.800000 
9.800000 
9.800000 
9.800000 
9.800000 
9.800000 
9.800000 
9.800000 
9.800000 
9.800000 
9.800000 
9.800000 
9.800000 
9.800000 
9.800000 
9.800000 
9.800000 
9.800000 
9.800000 
9.800000 
9.800000 
9.800000 
9.800000 
9.800000 
9.800000 
9.800000 
9.800000 
9.800000 
9.800000 
9.800000 
9.800000 
9.800000 
9.800000 
9.800000 
9.800000 
9.800000 
9.800000 
9.800000 
9.800000 
9.800000 
9.800000 
9.800000 
9.800000 
9.800000 
9.800000 
9.800000 
9.800000 
9.800000 
9.800000 
9.800000 
9.800000 
9.800000 
9.800000 
9.800000 
9.800000 
9.800000 
9.800000 
9.800000 
9.800000 
9.800000 
9.800000 
9.800000 
9.800000 
9.800000 
9.800000 
9.800000 
9.800000 
9.800000 
9.800000 
9.800000 
9.800000 
9.800000 
9.800000 
9.800000 
9.800000 
9.800000 
9.800000 
9.800000 
9.800000 
9.800000 
9.800000 
9.800000 
9.800000 
9.800000 
9.800000 
9.800000 
9.800000 
9.800000 
9.800000 
9.800000 
9.800000 
9.800000 
9.800000 
9.800000 
9.800000 
9.800000 
9.800000 
9.800000 
9.800000 
9.800000 
9.800000 
9.800000 
9.800000 
9.800000 
9.800000 
9.800000 
9.800000 
9.800000 
9.800000 
9.800000 
9.800000 
9.800000 
9.800000 
9.800000 
9.800000 
9.800000 
9.800000 
9.800000 
9.800000 
9.800000 
9.800000 
9.800000 
9.800000 
9.800000 
9.800000 
9.800000 
9.800000 
9.800000 
9.800000 
9.800000 
9.800000 
9.800000 
9.800000 
9.800000 
9.800000 
9.800000 
9.800000 
9.800000 
9.800000 
9.800000 
9.800000 
9.800000 
9.800000 
9.800000 
9.800000 
9.800000 
9.800000 
9.800000 
9.800000 
9.800000 
9.800000 
9.800000 
9.800000 
9.800000 
9.800000 
9.800000 
9.800000 
9.800000 
9.800000 
9.800000 
9.800000 
9.800000 
9.800000 
9.800000 
9.800000 
9.800000 
9.800000 
9.800000 
9.800000 
9.800000 
9.800000 
9.800000 
9.800000 
9.800000 
9.800000 
9.800000 
9.800000 
9.800000 
9.800000 
9.800000 
9.800000 
9.800000 
9.800000 
9.800000 
9.800000 
9.800000 
9.800000 
9.800000 
9.800000 
9.800000 
9.800000 
9.800000 
9.800000 
9.800000 
9.800000 
9.800000 
9.800000 
9.800000 
9.800000 
9.800000 
9.800000 
9.800000 
9.800000 
9.800000 
9.800000 
9.800000 
9.800000 
9.800000 
9.800000 
9.800000 
9.800000 
9.800000 
9.800000 
9.800000 
9.800000 
9.800000 