40.080002 
62.000000 
77.910004 
70.500000 
81.779999 
85.599998 
79.820000 
80.699997 
71.779999 
88.150002 
83.940002 
80.589996 
74.010002 
84.660004 
85.589996 
81.949997 
82.120003 
83.629997 
80.389999 
83.760002 
79.099998 
83.570000 
83.559998 
77.440002 
83.709999 
82.870003 
77.489998 
84.660004 
80.849998 
84.830002 
79.059998 
79.650002 
84.139999 
79.589996 
82.949997 
81.489998 
83.459999 
80.559998 
79.180000 
79.070000 
85.919998 
83.830002 
85.070000 
80.089996 
77.680000 
83.290001 
71.779999 
83.669998 
78.449997 
80.599998 
78.860001 
76.879997 
80.160004 
82.290001 
72.150002 
79.389999 
80.959999 
76.970001 
77.089996 
77.580002 
82.660004 
77.129997 
67.110001 
80.349998 
78.430000 
65.269997 
77.260002 
72.209999 
83.110001 
82.169998 
79.099998 
79.239998 
81.000000 
82.570000 
79.129997 
75.669998 
77.120003 
83.599998 
78.230003 
82.000000 
26.930000 
74.169998 
77.779999 
78.839996 
80.849998 
80.940002 
81.080002 
81.720001 
78.510002 
72.269997 
70.879997 
78.279999 
81.989998 
77.070000 
77.949997 
75.010002 
73.269997 
73.269997 
76.849998 
80.800003 
78.459999 
78.309998 
74.680000 
73.809998 
81.169998 
77.809998 
74.690002 
80.070000 
78.059998 
79.620003 
76.269997 
54.900002 
75.260002 
72.190002 
62.910000 
74.339996 
75.040001 
74.500000 
75.059998 
70.599998 
75.730003 
80.220001 
76.260002 
77.239998 
78.010002 
73.040001 
70.650002 
71.000000 
78.809998 
62.529999 
61.009998 
77.760002 
70.639999 
56.160000 
76.169998 
71.220001 
82.570000 
75.120003 
80.330002 
78.550003 
65.209999 
77.589996 
70.379997 
70.709999 
47.919998 
75.730003 
50.500000 
70.209999 
81.220001 
77.389999 
66.019997 
76.199997 
77.389999 
73.010002 
72.089996 
72.489998 
72.239998 
74.970001 
78.029999 
64.699997 
74.419998 
74.580002 
71.010002 
72.690002 
74.540001 
77.139999 
80.180000 
60.799999 
70.389999 
68.760002 
57.369999 
75.650002 
76.129997 
63.689999 
75.059998 
77.250000 
75.540001 
74.989998 
73.230003 
78.150002 
64.169998 
72.860001 
75.639999 
73.620003 
58.320000 
58.459999 
72.300003 
70.690002 
57.470001 
71.620003 
59.560001 
48.759998 
52.610001 
76.419998 
71.959999 
73.529999 
62.889999 
77.430000 
73.440002 
79.169998 
71.529999 
49.970001 
63.720001 
65.949997 
67.190002 
69.589996 
72.320000 
73.620003 
73.779999 
69.980003 
65.610001 
74.940002 
71.400002 
61.529999 
63.240002 
63.180000 
69.980003 
41.459999 
69.879997 
65.720001 
77.029999 
76.349998 
73.220001 
66.150002 
70.330002 
72.699997 
64.510002 
69.730003 
68.870003 
68.040001 
72.410004 
58.799999 
27.090000 
58.720001 
55.919998 
63.889999 
71.599998 
71.150002 
72.279999 
76.220001 
66.900002 
60.810001 
64.410004 
44.200001 
57.290001 
40.130001 
34.540001 
63.299999 
59.980000 
52.410000 
68.660004 
65.540001 
62.080002 
59.830002 
9.800000 
9.800000 
9.800000 
9.800000 
9.800000 
9.800000 
9.800000 
9.800000 
9.800000 
9.800000 
9.800000 
9.800000 
9.800000 
9.800000 
9.800000 
9.800000 
9.800000 
9.800000 
9.800000 
9.800000 
9.800000 
9.800000 
9.800000 
9.800000 
9.800000 
9.800000 
9.800000 
9.800000 
9.800000 
9.800000 
9.800000 
9.800000 
9.800000 
9.800000 
9.800000 
9.800000 
9.800000 
9.800000 
9.800000 
9.800000 
9.800000 
9.800000 
9.800000 
9.800000 
9.800000 
9.800000 
9.800000 
9.800000 
9.800000 
9.800000 
9.800000 
9.800000 
9.800000 
9.800000 
9.800000 
9.800000 
9.800000 
9.800000 
9.800000 
9.800000 
9.800000 
9.800000 
9.800000 
9.800000 
9.800000 
9.800000 
9.800000 
9.800000 
9.800000 
9.800000 
9.800000 
9.800000 
9.800000 
9.800000 
9.800000 
9.800000 
9.800000 
9.800000 
9.800000 
9.800000 
9.800000 
9.800000 
9.800000 
9.800000 
9.800000 
9.800000 
9.800000 
9.800000 
9.800000 
9.800000 
9.800000 
9.800000 
9.800000 
9.800000 
9.800000 
9.800000 
9.800000 
9.800000 
9.800000 
9.800000 
9.800000 
9.800000 
9.800000 
9.800000 
9.800000 
9.800000 
9.800000 
9.800000 
9.800000 
9.800000 
9.800000 
9.800000 
9.800000 
9.800000 
9.800000 
9.800000 
9.800000 
9.800000 
9.800000 
9.800000 
9.800000 
9.800000 
9.800000 
9.800000 
9.800000 
9.800000 
9.800000 
9.800000 
9.800000 
9.800000 
9.800000 
9.800000 
9.800000 
9.800000 
9.800000 
9.800000 
9.800000 
9.800000 
9.800000 
9.800000 
9.800000 
9.800000 
9.800000 
9.800000 
9.800000 
9.800000 
9.800000 
9.800000 
9.800000 
9.800000 
9.800000 
9.800000 
9.800000 
9.800000 
9.800000 
9.800000 
9.800000 
9.800000 
9.800000 
9.800000 
9.800000 
9.800000 
9.800000 
9.800000 
9.800000 
9.800000 
9.800000 
9.800000 
9.800000 
9.800000 
9.800000 
9.800000 
9.800000 
9.800000 
9.800000 
9.800000 
9.800000 
9.800000 
9.800000 
9.800000 
9.800000 
9.800000 
9.800000 
9.800000 
9.800000 
9.800000 
9.800000 
9.800000 
9.800000 
9.800000 
9.800000 
9.800000 
9.800000 
9.800000 
9.800000 
9.800000 
9.800000 
9.800000 
9.800000 
9.800000 
9.800000 
9.800000 
9.800000 
9.800000 
9.800000 
9.800000 
9.800000 
9.800000 
9.800000 
9.800000 
9.800000 
9.800000 
9.800000 
9.800000 
9.800000 
9.800000 
9.800000 
9.800000 
9.800000 
9.800000 
9.800000 
9.800000 
9.800000 
9.800000 
9.800000 
9.800000 
9.800000 
9.800000 
9.800000 
9.800000 
9.800000 
9.800000 
9.800000 
9.800000 
9.800000 
9.800000 
9.800000 
9.800000 
9.800000 
9.800000 
9.800000 
9.800000 
9.800000 
9.800000 
9.800000 
9.800000 
9.800000 
9.800000 
9.800000 
9.800000 
9.800000 
9.800000 
9.800000 
9.800000 
9.800000 
9.800000 
9.800000 
9.800000 
9.800000 
9.800000 
9.800000 
9.800000 
9.800000 
9.800000 
9.800000 
9.800000 
9.800000 
9.800000 
9.800000 
9.800000 
9.800000 
9.800000 
9.800000 
9.800000 
9.800000 
9.800000 
9.800000 
9.800000 
9.800000 
9.800000 
9.800000 
9.800000 
9.800000 
9.800000 
9.800000 
9.800000 
9.800000 
9.800000 
9.800000 
9.800000 
9.800000 
9.800000 
9.800000 
9.800000 
9.800000 
9.800000 
9.800000 
9.800000 
9.800000 
9.800000 
9.800000 
9.800000 
9.800000 
9.800000 
9.800000 
9.800000 
9.800000 
9.800000 
9.800000 
9.800000 
9.800000 
9.800000 
9.800000 
9.800000 
9.800000 
9.800000 
9.800000 
9.800000 
9.800000 
9.800000 
9.800000 
9.800000 
9.800000 
9.800000 
9.800000 
9.800000 
9.800000 
9.800000 
9.800000 
9.800000 
9.800000 
9.800000 
9.800000 
9.800000 
9.800000 
9.800000 
9.800000 
9.800000 
9.800000 
9.800000 
9.800000 
9.800000 
9.800000 
9.800000 
9.800000 
9.800000 
9.800000 
9.800000 
9.800000 
9.800000 
9.800000 
9.800000 
9.800000 
9.800000 
9.800000 
9.800000 
9.800000 
9.800000 
9.800000 
9.800000 
9.800000 
9.800000 
9.800000 
9.800000 
9.800000 
9.800000 
9.800000 
9.800000 
9.800000 
9.800000 
9.800000 
9.800000 
9.800000 
9.800000 
9.800000 
9.800000 
9.800000 
9.800000 
9.800000 
9.800000 
9.800000 
9.800000 
9.800000 
9.800000 
9.800000 
9.800000 
9.800000 
9.800000 
9.800000 
9.800000 
9.800000 
9.800000 
9.800000 
9.800000 
9.800000 
9.800000 
9.800000 
9.800000 
9.800000 
9.800000 
9.800000 
9.800000 
9.800000 
9.800000 
9.800000 
9.800000 
9.800000 
9.800000 
9.800000 
9.800000 
9.800000 
9.800000 
9.800000 
9.800000 
9.800000 
9.800000 
9.800000 
9.800000 
9.800000 
9.800000 
9.800000 
9.800000 
9.800000 
9.800000 
9.800000 
9.800000 
9.800000 
9.800000 
9.800000 
9.800000 
9.800000 
9.800000 
9.800000 
9.800000 
9.800000 
9.800000 
9.800000 
9.800000 
9.800000 
9.800000 
9.800000 
9.800000 
9.800000 
9.800000 
9.800000 
9.800000 
9.800000 
9.800000 
9.800000 
9.800000 
9.800000 
9.800000 
9.800000 
9.800000 
9.800000 
9.800000 
9.800000 
9.800000 
9.800000 
9.800000 
9.800000 
9.800000 
9.800000 
9.800000 
9.800000 
9.800000 
9.800000 
9.800000 
9.800000 
9.800000 
9.800000 
9.800000 
9.800000 
9.800000 
9.800000 
9.800000 
9.800000 
9.800000 
9.800000 
9.800000 
9.800000 
9.800000 
9.800000 
9.800000 
9.800000 
9.800000 
9.800000 
9.800000 
9.800000 
9.800000 
9.800000 
9.800000 
9.800000 
9.800000 
9.800000 
9.800000 
9.800000 
9.800000 
9.800000 
9.800000 
9.800000 
9.800000 
9.800000 
9.800000 
9.800000 
9.800000 
9.800000 
9.800000 
9.800000 
9.800000 
9.800000 
9.800000 
9.800000 
9.800000 
9.800000 
9.800000 
9.800000 
9.800000 
9.800000 
9.800000 
9.800000 
9.800000 
9.800000 
9.800000 
9.800000 
9.800000 
9.800000 
9.800000 
9.800000 
9.800000 
9.800000 
9.800000 
9.800000 
9.800000 
9.800000 
9.800000 
9.800000 
9.800000 
9.800000 
9.800000 
9.800000 
9.800000 
9.800000 
9.800000 
9.800000 
9.800000 
9.800000 
9.800000 
9.800000 
9.800000 
9.800000 
9.800000 
9.800000 
9.800000 
9.800000 
9.800000 
9.800000 
9.800000 
9.800000 
9.800000 
9.800000 
9.800000 
9.800000 
9.800000 
9.800000 
9.800000 
9.800000 
9.800000 
9.800000 
9.800000 
9.800000 
9.800000 
9.800000 
9.800000 
9.800000 
9.800000 
9.800000 
9.800000 
9.800000 
9.800000 
9.800000 
9.800000 
9.800000 
9.800000 
9.800000 
9.800000 
9.800000 
9.800000 
9.800000 
9.800000 
9.800000 
9.800000 
9.800000 
9.800000 
9.800000 
9.800000 
9.800000 
9.800000 
9.800000 
9.800000 
9.800000 
9.800000 
9.800000 
9.800000 
9.800000 
9.800000 
9.800000 
9.800000 
9.800000 
9.800000 
9.800000 
9.800000 
9.800000 
9.800000 
9.800000 
9.800000 
9.800000 
9.800000 
9.800000 
9.800000 
9.800000 
9.800000 
9.800000 
9.800000 
9.800000 
9.800000 
9.800000 
9.800000 
9.800000 
9.800000 
9.800000 
9.800000 
9.800000 
9.800000 
9.800000 
9.800000 
9.800000 
9.800000 
9.800000 
9.800000 
9.800000 
9.800000 
9.800000 
9.800000 
9.800000 
9.800000 
9.800000 
9.800000 
9.800000 
9.800000 
9.800000 
9.800000 
9.800000 
9.800000 
9.800000 
9.800000 
9.800000 
9.800000 
9.800000 
9.800000 
9.800000 
9.800000 
9.800000 
9.800000 
9.800000 
9.800000 
9.800000 
9.800000 
9.800000 
9.800000 
9.800000 
9.800000 
9.800000 
9.800000 
9.800000 
9.800000 
9.800000 
9.800000 
9.800000 
9.800000 
9.800000 
9.800000 
9.800000 
9.800000 
9.800000 
9.800000 
9.800000 
9.800000 
9.800000 
9.800000 
9.800000 
9.800000 
9.800000 
9.800000 
9.800000 
9.800000 
9.800000 
9.800000 
9.800000 
9.800000 
9.800000 
9.800000 
9.800000 
9.800000 
9.800000 
9.800000 
9.800000 
9.800000 
9.800000 
9.800000 
9.800000 
9.800000 
9.800000 
9.800000 
9.800000 
9.800000 
9.800000 
9.800000 
9.800000 
9.800000 
9.800000 
9.800000 
9.800000 
9.800000 
9.800000 
9.800000 
9.800000 
9.800000 
9.800000 
9.800000 
9.800000 
9.800000 
9.800000 
9.800000 
9.800000 
9.800000 
9.800000 
9.800000 
9.800000 
9.800000 
9.800000 
9.800000 
9.800000 
9.800000 
9.800000 
9.800000 