11.950000 
19.760000 
36.029999 
34.669998 
49.200001 
38.459999 
47.680000 
32.310001 
46.779999 
40.400002 
31.610001 
43.090000 
29.670000 
47.660000 
26.059999 
27.250000 
8.990000 
18.400000 
20.990000 
14.490000 
12.890000 
19.340000 
10.020000 
30.580000 
29.959999 
11.550000 
26.969999 
12.360000 
17.770000 
18.910000 
13.860000 
18.100000 
10.290000 
10.150000 
10.220000 
12.030000 
10.400000 
9.800000 
9.670000 
9.990000 
9.850000 
9.800000 
9.640000 
10.150000 
10.210000 
10.290000 
9.920000 
9.970000 
9.840000 
10.200000 
9.850000 
10.280000 
10.300000 
10.490000 
9.920000 
10.400000 
9.720000 
9.830000 
10.120000 
9.930000 
10.530000 
11.430000 
10.310000 
10.150000 
10.310000 
10.300000 
10.330000 
10.280000 
10.120000 
9.790000 
9.810000 
9.640000 
10.300000 
10.110000 
10.150000 
11.450000 
11.450000 
11.350000 
10.100000 
10.060000 
9.820000 
8.900000 
10.080000 
11.380000 
9.830000 
8.920000 
10.130000 
9.800000 
8.910000 
10.330000 
11.350000 
9.860000 
9.770000 
9.840000 
9.800000 
9.790000 
11.350000 
9.800000 
9.800000 
10.280000 
10.310000 
9.790000 
10.280000 
10.090000 
10.280000 
8.890000 
8.890000 
8.920000 
9.820000 
10.280000 
11.340000 
11.350000 
10.270000 
11.350000 
10.040000 
11.350000 
10.120000 
11.390000 
9.800000 
9.810000 
10.100000 
11.360000 
9.800000 
9.750000 
9.590000 
9.590000 
11.380000 
11.380000 
10.100000 
11.370000 
11.350000 
10.110000 
10.290000 
10.180000 
10.320000 
9.910000 
9.740000 
11.350000 
11.350000 
10.100000 
10.270000 
10.260000 
10.100000 
11.350000 
9.810000 
11.370000 
11.360000 
10.290000 
10.270000 
9.720000 
9.800000 
10.280000 
10.280000 
9.790000 
10.280000 
10.280000 
11.350000 
10.280000 
9.820000 
10.320000 
11.350000 
8.920000 
9.800000 
9.810000 
11.350000 
11.350000 
8.910000 
9.580000 
11.350000 
9.580000 
11.350000 
9.580000 
11.350000 
9.580000 
9.820000 
10.280000 
11.350000 
10.100000 
9.750000 
9.580000 
10.090000 
11.350000 
11.350000 
8.920000 
8.920000 
9.830000 
8.920000 
11.350000 
9.800000 
10.280000 
10.280000 
10.320000 
10.320000 
10.330000 
10.100000 
9.820000 
10.090000 
10.090000 
9.580000 
11.350000 
9.810000 
11.350000 
9.820000 
9.580000 
11.350000 
11.350000 
11.370000 
8.910000 
9.820000 
9.820000 
10.280000 
10.280000 
10.290000 
10.100000 
11.350000 
9.800000 
11.350000 
9.800000 
10.080000 
10.100000 
10.080000 
10.320000 
10.100000 
10.320000 
11.350000 
11.350000 
11.350000 
11.350000 
9.800000 
10.280000 
10.320000 
10.320000 
10.070000 
11.350000 
9.590000 
10.090000 
10.100000 
8.920000 
10.280000 
10.320000 
11.350000 
11.350000 
11.350000 
11.350000 
9.580000 
11.350000 
11.350000 
8.920000 
8.920000 
9.830000 
8.920000 
11.350000 
9.800000 
10.280000 
10.280000 
10.320000 
10.320000 
10.330000 
10.100000 
9.820000 
10.090000 
10.090000 
9.580000 
11.350000 
9.810000 
11.350000 
9.820000 
9.580000 
11.350000 
11.350000 
11.370000 
8.910000 
9.820000 
9.820000 
10.280000 
10.280000 
10.290000 
10.100000 
11.350000 
9.800000 
11.350000 
9.800000 
10.080000 
10.100000 
10.080000 
10.320000 
10.100000 
10.320000 
11.350000 
11.350000 
11.350000 
11.350000 
9.800000 
10.280000 
10.320000 
10.320000 
10.070000 
11.350000 
9.590000 
10.090000 
10.100000 
8.920000 
10.280000 
10.320000 
11.350000 
11.350000 
11.350000 
11.350000 
9.580000 
11.350000 
11.350000 
8.920000 
8.920000 
9.830000 
8.920000 
11.350000 
9.800000 
10.280000 
10.280000 
10.320000 
10.320000 
10.330000 
10.100000 
9.820000 
10.090000 
10.090000 
9.580000 
11.350000 
9.810000 
11.350000 
9.820000 
9.580000 
11.350000 
11.350000 
11.370000 
8.910000 
9.820000 
9.820000 
10.280000 
10.280000 
10.290000 
10.100000 
11.350000 
9.800000 
11.350000 
9.800000 
10.080000 
10.100000 
10.080000 
10.320000 
10.100000 
10.320000 
11.350000 
11.350000 
11.350000 
11.350000 
9.800000 
10.280000 
10.320000 
10.320000 
10.070000 
11.350000 
9.590000 
10.090000 
10.100000 
8.920000 
10.280000 
10.320000 
11.350000 
11.350000 
11.350000 
11.350000 
9.580000 
11.350000 
11.350000 
8.920000 
8.920000 
9.830000 
8.920000 
11.350000 
9.800000 
10.280000 
10.280000 
10.320000 
10.320000 
10.330000 
10.100000 
9.820000 
10.090000 
10.090000 
9.580000 
11.350000 
9.810000 
11.350000 
9.820000 
9.580000 
11.350000 
11.350000 
11.370000 
8.910000 
9.820000 
9.820000 
10.280000 
10.280000 
10.290000 
10.100000 
11.350000 
9.800000 
11.350000 
9.800000 
10.080000 
10.100000 
10.080000 
10.320000 
10.100000 
10.320000 
11.350000 
11.350000 
11.350000 
11.350000 
9.800000 
10.280000 
10.320000 
10.320000 
10.070000 
11.350000 
9.590000 
10.090000 
10.100000 
8.920000 
10.280000 
10.320000 
11.350000 
11.350000 
11.350000 
11.350000 
9.580000 
11.350000 
11.350000 
8.920000 
8.920000 
9.830000 
8.920000 
11.350000 
9.800000 
10.280000 
10.280000 
10.320000 
10.320000 
10.330000 
10.100000 
9.820000 
10.090000 
10.090000 
9.580000 
11.350000 
9.810000 
11.350000 
9.820000 
9.580000 
11.350000 
11.350000 
11.370000 
8.910000 
9.820000 
9.820000 
10.280000 
10.280000 
10.290000 
10.100000 
11.350000 
9.800000 
11.350000 
9.800000 
10.080000 
10.100000 
10.080000 
10.320000 
10.100000 
10.320000 
11.350000 
11.350000 
11.350000 
11.350000 
9.800000 
10.280000 
10.320000 
10.320000 
10.070000 
11.350000 
9.590000 
10.090000 
10.100000 
8.920000 
10.280000 
10.320000 
11.350000 
11.350000 
11.350000 
11.350000 
9.580000 
11.350000 
11.350000 
8.920000 
8.920000 
9.830000 
8.920000 
11.350000 
9.800000 
10.280000 
10.280000 
10.320000 
10.320000 
10.330000 
10.100000 
9.820000 
10.090000 
10.090000 
9.580000 
11.350000 
9.810000 
11.350000 
9.820000 
9.580000 
11.350000 
11.350000 
11.370000 
8.910000 
9.820000 
9.820000 
10.280000 
10.280000 
10.290000 
10.100000 
11.350000 
9.800000 
11.350000 
9.800000 
10.080000 
10.100000 
10.080000 
10.320000 
10.100000 
10.320000 
11.350000 
11.350000 
11.350000 
11.350000 
9.800000 
10.280000 
10.320000 
10.320000 
10.070000 
11.350000 
9.590000 
10.090000 
10.100000 
8.920000 
10.280000 
10.320000 
11.350000 
11.350000 
11.350000 
11.350000 
9.580000 
11.350000 
11.350000 
8.920000 
8.920000 
9.830000 
8.920000 
11.350000 
9.800000 
10.280000 
10.280000 
10.320000 
10.320000 
10.330000 
10.100000 
9.820000 
10.090000 
10.090000 
9.580000 
11.350000 
9.810000 
11.350000 
9.820000 
9.580000 
11.350000 
11.350000 
11.370000 
8.910000 
9.820000 
9.820000 
10.280000 
10.280000 
10.290000 
10.100000 
11.350000 
9.800000 
11.350000 
9.800000 
10.080000 
10.100000 
10.080000 
10.320000 
10.100000 
10.320000 
11.350000 
11.350000 
11.350000 
11.350000 
9.800000 
10.280000 
10.320000 
10.320000 
10.070000 
11.350000 
9.590000 
10.090000 
10.100000 
8.920000 
10.280000 
10.320000 
11.350000 
11.350000 
11.350000 
11.350000 
9.580000 
11.350000 
11.350000 
8.920000 
8.920000 
9.830000 
8.920000 
11.350000 
9.800000 
10.280000 
10.280000 
10.320000 
10.320000 
10.330000 
10.100000 
9.820000 
10.090000 
10.090000 
9.580000 
11.350000 
9.810000 
11.350000 
9.820000 
9.580000 
11.350000 
11.350000 
11.370000 
8.910000 
9.820000 
9.820000 
10.280000 
10.280000 
10.290000 
10.100000 
11.350000 
9.800000 
11.350000 
9.800000 
10.080000 
10.100000 
10.080000 
10.320000 
10.100000 
10.320000 
11.350000 
11.350000 
11.350000 
11.350000 
9.800000 
10.280000 
10.320000 
10.320000 
10.070000 
11.350000 
9.590000 
10.090000 
10.100000 
8.920000 
10.280000 
10.320000 
11.350000 
11.350000 
11.350000 
11.350000 
9.580000 
11.350000 
11.350000 
8.920000 
8.920000 
9.830000 
8.920000 
11.350000 
9.800000 
10.280000 
10.280000 
10.320000 
10.320000 
10.330000 
10.100000 
9.820000 
10.090000 
10.090000 
9.580000 
11.350000 
9.810000 
11.350000 
9.820000 
9.580000 
11.350000 
11.350000 
11.370000 
8.910000 
9.820000 
9.820000 
10.280000 
10.280000 
10.290000 
10.100000 
11.350000 
9.800000 
11.350000 
9.800000 
10.080000 
10.100000 
10.080000 
10.320000 
10.100000 
10.320000 
11.350000 
11.350000 
11.350000 
11.350000 
9.800000 
10.280000 
10.320000 
10.320000 
10.070000 
11.350000 
9.590000 
10.090000 
10.100000 
8.920000 
10.280000 
10.320000 
11.350000 
11.350000 
11.350000 
11.350000 
9.580000 
11.350000 
11.350000 
8.920000 
8.920000 
9.830000 
8.920000 
11.350000 
9.800000 
10.280000 
10.280000 
10.320000 
10.320000 
10.330000 
10.100000 
9.820000 
10.090000 
10.090000 
9.580000 
11.350000 
9.810000 
11.350000 
9.820000 
9.580000 
11.350000 
11.350000 
11.370000 
8.910000 
9.820000 
9.820000 
10.280000 
10.280000 
10.290000 
10.100000 
11.350000 
9.800000 
11.350000 
9.800000 
10.080000 
10.100000 
10.080000 
10.320000 
10.100000 
10.320000 
11.350000 
11.350000 
11.350000 
11.350000 
9.800000 
10.280000 
10.320000 
10.320000 
10.070000 
11.350000 
9.590000 
10.090000 
10.100000 
8.920000 
10.280000 
10.320000 
11.350000 
11.350000 
11.350000 
11.350000 
9.580000 
11.350000 
11.350000 
8.920000 
8.920000 
9.830000 
8.920000 
11.350000 
9.800000 
10.280000 
10.280000 
10.320000 
10.320000 
10.330000 
10.100000 
9.820000 
10.090000 
10.090000 
9.580000 
11.350000 
9.810000 
11.350000 
9.820000 
9.580000 
11.350000 
11.350000 
11.370000 
8.910000 
9.820000 
9.820000 
10.280000 
10.280000 
10.290000 
10.100000 
11.350000 
9.800000 
11.350000 
9.800000 
10.080000 
10.100000 
10.080000 
10.320000 
10.100000 
10.320000 
11.350000 
11.350000 
11.350000 
11.350000 
9.800000 
10.280000 
10.320000 
10.320000 
10.070000 
11.350000 
9.590000 
10.090000 
10.100000 
8.920000 
10.280000 
10.320000 
11.350000 
11.350000 
11.350000 
11.350000 
9.580000 
11.350000 
11.350000 
8.920000 
8.920000 
9.830000 
8.920000 
11.350000 
9.800000 
10.280000 
10.280000 
10.320000 
10.320000 
10.330000 
10.100000 
9.820000 
10.090000 
10.090000 
9.580000 
11.350000 
9.810000 
11.350000 
9.820000 
9.580000 
11.350000 
11.350000 
11.370000 
8.910000 
9.820000 
9.820000 
10.280000 
10.280000 
10.290000 
10.100000 
11.350000 
9.800000 
11.350000 
9.800000 
10.080000 
10.100000 
10.080000 
10.320000 
10.100000 
10.320000 
11.350000 
11.350000 
11.350000 
11.350000 
9.800000 
10.280000 
10.320000 
10.320000 
10.070000 
11.350000 
9.590000 
10.090000 
10.100000 
8.920000 
10.280000 
10.320000 
11.350000 
11.350000 
11.350000 
11.350000 
9.580000 
11.350000 
11.350000 
8.920000 
8.920000 
9.830000 
8.920000 
11.350000 
9.800000 
10.280000 
10.280000 
10.320000 
10.320000 
10.330000 
10.100000 
9.820000 
10.090000 
10.090000 
9.580000 
11.350000 
9.810000 
11.350000 
9.820000 
9.580000 
11.350000 
11.350000 
11.370000 
8.910000 
9.820000 
9.820000 
10.280000 
10.280000 
10.290000 
10.100000 
11.350000 
9.800000 
11.350000 
9.800000 
10.080000 
10.100000 
10.080000 
10.320000 
10.100000 
10.320000 
11.350000 
11.350000 
11.350000 
11.350000 
9.800000 
10.280000 
10.320000 
9.800000 
