8.350000 
15.440000 
18.450001 
17.510000 
12.490000 
13.860000 
14.250000 
16.020000 
9.860000 
9.360000 
9.710000 
9.460000 
13.790000 
11.680000 
8.980000 
10.770000 
10.750000 
10.430000 
8.600000 
9.660000 
10.010000 
11.080000 
11.440000 
12.270000 
9.720000 
9.690000 
9.650000 
10.260000 
10.080000 
10.160000 
9.860000 
9.800000 
9.860000 
9.950000 
11.090000 
9.860000 
9.740000 
11.420000 
10.360000 
10.200000 
10.050000 
9.990000 
10.080000 
9.810000 
9.660000 
9.750000 
11.490000 
9.790000 
10.410000 
11.530000 
10.430000 
9.830000 
8.830000 
11.820000 
11.390000 
11.450000 
10.290000 
10.090000 
10.190000 
10.130000 
8.860000 
9.900000 
10.050000 
10.030000 
9.860000 
9.730000 
10.070000 
9.920000 
9.770000 
9.780000 
9.750000 
8.900000 
11.400000 
8.910000 
10.090000 
9.750000 
10.080000 
10.150000 
11.340000 
11.400000 
10.090000 
10.100000 
10.070000 
9.760000 
10.030000 
9.730000 
10.080000 
10.080000 
10.110000 
11.400000 
9.740000 
9.730000 
10.100000 
10.100000 
10.270000 
10.270000 
9.750000 
10.280000 
10.260000 
9.730000 
9.730000 
9.750000 
9.740000 
10.110000 
10.290000 
10.070000 
9.580000 
9.580000 
9.800000 
9.810000 
9.580000 
9.590000 
8.920000 
11.360000 
9.580000 
9.580000 
11.190000 
11.350000 
11.350000 
10.100000 
11.380000 
11.360000 
10.290000 
10.280000 
10.100000 
10.280000 
9.590000 
10.190000 
10.290000 
10.290000 
10.110000 
10.090000 
11.360000 
10.090000 
10.100000 
10.130000 
10.090000 
11.350000 
10.090000 
10.090000 
10.290000 
10.280000 
10.280000 
9.740000 
10.330000 
9.590000 
9.580000 
9.590000 
9.570000 
9.570000 
9.540000 
9.580000 
9.530000 
10.280000 
11.350000 
9.560000 
10.310000 
9.570000 
9.750000 
9.750000 
9.800000 
9.810000 
10.320000 
9.800000 
9.800000 
9.800000 
9.800000 
10.270000 
9.740000 
10.260000 
10.290000 
10.290000 
9.810000 
9.800000 
10.270000 
8.920000 
9.800000 
10.090000 
10.090000 
10.020000 
10.090000 
9.820000 
9.580000 
10.240000 
10.270000 
10.090000 
10.280000 
9.800000 
10.290000 
9.830000 
11.350000 
9.740000 
9.810000 
9.800000 
10.320000 
9.800000 
9.810000 
10.090000 
10.100000 
9.800000 
11.350000 
9.740000 
9.740000 
10.280000 
10.280000 
10.100000 
10.290000 
10.320000 
10.100000 
10.100000 
11.350000 
11.350000 
11.350000 
10.280000 
10.090000 
10.280000 
11.350000 
11.350000 
8.910000 
11.350000 
11.350000 
11.350000 
11.350000 
11.350000 
11.350000 
8.920000 
11.350000 
11.350000 
11.350000 
10.320000 
10.090000 
9.800000 
11.350000 
11.340000 
9.580000 
10.090000 
10.090000 
10.100000 
11.340000 
10.090000 
11.340000 
11.350000 
11.350000 
11.350000 
10.090000 
11.350000 
10.270000 
11.350000 
10.090000 
10.090000 
10.090000 
10.090000 
9.740000 
11.350000 
10.280000 
11.330000 
11.350000 
11.350000 
11.340000 
11.320000 
10.080000 
10.090000 
10.080000 
10.090000 
11.350000 
10.090000 
10.280000 
10.270000 
11.350000 
11.360000 
11.380000 
11.370000 
11.380000 
11.380000 
9.840000 
10.100000 
11.360000 
9.840000 
9.840000 
9.820000 
9.820000 
9.820000 
9.800000 
9.820000 
9.830000 
9.800000 
9.810000 
10.090000 
10.100000 
9.820000 
9.820000 
10.090000 
10.090000 
10.090000 
10.090000 
10.090000 
9.820000 
10.090000 
10.090000 
10.090000 
10.090000 
10.090000 
10.100000 
10.100000 
10.090000 
10.100000 
10.090000 
10.090000 
9.820000 
9.820000 
9.820000 
9.820000 
9.820000 
10.100000 
10.100000 
10.070000 
10.100000 
11.350000 
11.350000 
10.090000 
10.100000 
10.100000 
10.090000 
10.280000 
10.100000 
10.100000 
10.090000 
10.090000 
10.280000 
10.100000 
10.100000 
10.090000 
10.100000 
10.100000 
11.350000 
10.100000 
9.570000 
9.580000 
10.100000 
9.580000 
11.350000 
9.570000 
9.580000 
10.280000 
9.580000 
10.090000 
10.280000 
10.280000 
11.350000 
11.350000 
10.090000 
11.350000 
10.090000 
10.090000 
10.090000 
10.080000 
10.090000 
10.090000 
10.090000 
10.090000 
10.090000 
10.090000 
10.090000 
10.090000 
10.090000 
10.090000 
10.090000 
10.100000 
10.090000 
10.090000 
9.580000 
9.580000 
10.090000 
10.100000 
10.100000 
10.100000 
11.350000 
10.100000 
11.350000 
9.740000 
9.750000 
9.760000 
11.350000 
11.350000 
11.350000 
11.350000 
10.090000 
11.350000 
10.100000 
9.800000 
9.800000 
10.090000 
9.800000 
9.800000 
8.920000 
8.920000 
9.800000 
9.800000 
9.800000 
11.350000 
9.800000 
9.730000 
11.350000 
11.350000 
11.350000 
9.740000 
9.740000 
11.350000 
11.350000 
11.350000 
11.350000 
11.350000 
9.740000 
10.100000 
10.100000 
8.920000 
9.730000 
10.100000 
9.800000 
9.800000 
9.800000 
10.280000 
11.350000 
10.280000 
10.280000 
10.280000 
10.280000 
10.280000 
10.280000 
9.800000 
9.800000 
9.800000 
9.800000 
9.800000 
9.800000 
9.810000 
9.810000 
9.810000 
9.810000 
9.810000 
9.810000 
9.590000 
9.590000 
9.740000 
9.580000 
9.580000 
9.740000 
9.740000 
9.740000 
9.740000 
9.740000 
9.580000 
9.740000 
10.100000 
10.100000 
10.100000 
10.100000 
10.100000 
10.100000 
10.100000 
10.100000 
11.350000 
11.350000 
11.350000 
8.910000 
10.280000 
10.280000 
9.740000 
9.730000 
10.100000 
10.100000 
10.270000 
10.270000 
9.750000 
10.280000 
10.260000 
9.730000 
9.730000 
9.750000 
9.740000 
10.110000 
10.290000 
10.070000 
9.580000 
9.580000 
9.800000 
9.810000 
9.580000 
9.590000 
8.920000 
11.360000 
9.580000 
9.580000 
11.190000 
11.350000 
11.350000 
10.100000 
11.380000 
11.360000 
10.290000 
10.280000 
10.100000 
10.280000 
9.590000 
10.190000 
10.290000 
10.290000 
10.110000 
10.090000 
11.360000 
10.090000 
10.100000 
10.130000 
10.090000 
11.350000 
10.090000 
10.090000 
10.290000 
10.280000 
10.280000 
9.740000 
10.330000 
9.590000 
9.580000 
9.590000 
9.570000 
9.570000 
9.540000 
9.580000 
9.530000 
10.280000 
11.350000 
9.560000 
10.310000 
9.570000 
9.750000 
9.750000 
9.800000 
9.810000 
10.320000 
9.800000 
9.800000 
9.800000 
9.800000 
10.270000 
9.740000 
10.260000 
10.290000 
10.290000 
9.810000 
9.800000 
10.270000 
8.920000 
9.800000 
10.090000 
10.090000 
10.020000 
10.090000 
9.820000 
9.580000 
10.240000 
10.270000 
10.090000 
10.280000 
9.800000 
10.290000 
9.830000 
11.350000 
9.740000 
9.810000 
9.800000 
10.320000 
9.800000 
9.810000 
10.090000 
10.100000 
9.800000 
11.350000 
9.740000 
9.740000 
10.280000 
10.280000 
10.100000 
10.290000 
10.320000 
10.100000 
10.100000 
11.350000 
11.350000 
11.350000 
10.280000 
10.090000 
10.280000 
11.350000 
11.350000 
8.910000 
11.350000 
11.350000 
11.350000 
11.350000 
11.350000 
11.350000 
8.920000 
11.350000 
11.350000 
11.350000 
10.320000 
10.090000 
9.800000 
11.350000 
11.340000 
9.580000 
10.090000 
10.090000 
10.100000 
11.340000 
10.090000 
11.340000 
11.350000 
11.350000 
11.350000 
10.090000 
11.350000 
10.270000 
11.350000 
10.090000 
10.090000 
10.090000 
10.090000 
9.740000 
11.350000 
10.280000 
11.330000 
11.350000 
11.350000 
11.340000 
11.320000 
10.080000 
10.090000 
10.080000 
10.090000 
11.350000 
10.090000 
10.280000 
10.270000 
11.350000 
11.360000 
11.380000 
11.370000 
11.380000 
11.380000 
9.840000 
10.100000 
11.360000 
9.840000 
9.840000 
9.820000 
9.820000 
9.820000 
9.800000 
9.820000 
9.830000 
9.800000 
9.810000 
10.090000 
10.100000 
9.820000 
9.820000 
10.090000 
10.090000 
10.090000 
10.090000 
10.090000 
9.820000 
10.090000 
10.090000 
10.090000 
10.090000 
10.090000 
10.100000 
10.100000 
10.090000 
10.100000 
10.090000 
10.090000 
9.820000 
9.820000 
9.820000 
9.820000 
9.820000 
10.100000 
10.100000 
10.070000 
10.100000 
11.350000 
11.350000 
10.090000 
10.100000 
10.100000 
10.090000 
10.280000 
10.100000 
10.100000 
10.090000 
10.090000 
10.280000 
10.100000 
10.100000 
10.090000 
10.100000 
10.100000 
11.350000 
10.100000 
9.570000 
9.580000 
10.100000 
9.580000 
11.350000 
9.570000 
9.580000 
10.280000 
9.580000 
10.090000 
10.280000 
10.280000 
11.350000 
11.350000 
10.090000 
11.350000 
10.090000 
10.090000 
10.090000 
10.080000 
10.090000 
10.090000 
10.090000 
10.090000 
10.090000 
10.090000 
10.090000 
10.090000 
10.090000 
10.090000 
10.090000 
10.100000 
10.090000 
10.090000 
9.580000 
9.580000 
10.090000 
10.100000 
10.100000 
10.100000 
11.350000 
10.100000 
11.350000 
9.740000 
9.750000 
9.760000 
11.350000 
11.350000 
11.350000 
11.350000 
10.090000 
11.350000 
10.100000 
9.800000 
9.800000 
10.090000 
9.800000 
9.800000 
8.920000 
8.920000 
9.800000 
9.800000 
9.800000 
11.350000 
9.800000 
9.730000 
11.350000 
11.350000 
11.350000 
9.740000 
9.740000 
11.350000 
11.350000 
11.350000 
11.350000 
11.350000 
9.740000 
10.100000 
10.100000 
8.920000 
9.730000 
10.100000 
9.800000 
9.800000 
9.800000 
10.280000 
11.350000 
10.280000 
10.280000 
10.280000 
10.280000 
10.280000 
10.280000 
9.800000 
9.800000 
9.800000 
9.800000 
9.800000 
9.800000 
9.810000 
9.810000 
9.810000 
9.810000 
9.810000 
9.810000 
9.590000 
9.590000 
9.740000 
9.580000 
9.580000 
9.740000 
9.740000 
9.740000 
9.740000 
9.740000 
9.580000 
9.740000 
10.100000 
10.100000 
10.100000 
10.100000 
10.100000 
10.100000 
10.100000 
10.100000 
11.350000 
11.350000 
11.350000 
8.910000 
10.280000 
10.280000 
9.800000 
9.800000 
9.810000 
9.810000 
9.810000 
9.810000 
9.810000 
9.810000 
9.590000 
9.590000 
9.740000 
9.580000 
9.580000 
9.740000 
9.740000 
9.740000 
9.740000 
9.740000 
9.580000 
9.740000 
10.100000 
10.100000 
10.100000 
10.100000 
10.100000 
10.100000 
10.100000 
10.100000 
11.350000 
11.350000 
11.350000 
8.910000 
10.280000 
10.280000 
9.800000 
9.800000 
9.810000 
9.810000 
9.810000 
9.810000 
9.810000 
9.810000 
9.590000 
9.590000 
9.740000 
9.580000 
9.580000 
9.740000 
9.740000 
9.740000 
9.740000 
9.740000 
9.580000 
9.740000 
10.100000 
10.100000 
10.100000 
10.100000 
10.100000 
10.100000 
10.100000 
10.100000 
11.350000 
11.350000 
11.350000 
8.910000 
10.280000 
10.280000 
9.580000 
9.580000 
9.740000 
9.740000 
9.740000 
9.740000 
9.740000 
9.580000 
9.740000 
10.100000 
10.100000 
10.100000 
10.100000 
10.100000 
10.100000 
10.100000 
10.100000 
11.350000 
11.350000 
11.350000 
8.910000 
10.280000 
10.280000 
9.580000 
9.580000 
9.740000 
9.740000 
9.740000 
9.740000 
9.740000 
9.580000 
9.740000 
10.100000 
10.100000 
10.100000 
10.100000 
10.100000 
10.100000 
10.100000 
10.100000 
11.350000 
11.350000 
11.350000 
8.910000 
10.280000 
10.280000 
9.580000 
9.580000 
9.740000 
9.740000 
9.740000 
9.740000 
9.740000 
9.580000 
9.740000 
10.100000 
10.100000 
10.100000 
10.100000 
10.100000 
10.100000 
10.100000 
10.100000 
11.350000 
11.350000 
11.350000 
8.910000 
10.280000 
10.280000 
9.580000 
9.580000 
9.740000 
9.740000 
9.740000 
9.740000 
9.740000 
9.580000 
9.740000 
10.100000 
10.100000 
10.100000 
10.100000 
10.100000 
10.100000 
10.100000 
10.100000 
11.350000 
11.350000 