   22.4500
   67.1200
   77.2500
   87.3100
   89.8000
   91.6600
   92.5100
   93.0900
   93.7300
   93.9900
   94.4600
   94.6100
   95.0500
   95.1500
   95.3200
   95.3900
   95.5900
   95.7300
   95.8500
   95.8700
   95.8800
   96.0900
   96.2300
   96.2600
   96.2900
   96.2700
   96.3700
   96.4900
   96.6300
   96.6700
   96.6500
   96.6700
   96.6700
   96.6700
   96.7600
   97.0100
   96.9700
   96.9500
   97.0500
   96.9700
   97.0300
   97.0700
   97.1400
   97.2400
   97.1800
   97.3300
   97.2700
   97.3500
   97.4100
   97.4000
   97.4600
   97.5000
   97.4000
   97.3600
   97.5200
   97.5800
   97.5800
   97.5300
   97.5500
   97.5600
   97.6400
   97.6200
   97.7100
   97.6300
   97.6700
   97.6600
   97.7200
   97.7000
   97.7800
   97.8300
   97.8600
   97.8000
   97.7900
   97.8700
   97.8300
   97.9600
   97.7500
   97.8500
   97.9000
   97.9100
   97.9200
   97.9900
   97.8600
   97.9500
   97.9700
   97.9600
   97.9400
   97.9400
   97.9500
   98.0100
   98.0600
   98.0000
   98.1000
   98.0600
   98.0100
   97.9700
   98.1300
   98.0300
   98.0900
   98.1400
   98.0800
   98.1300
   98.0700
   98.0600
   98.1400
   98.0800
   98.1500
   98.2100
   98.1900
   98.1900
   98.1800
   98.1500
   98.1800
   98.2000
   98.2100
   98.1100
   98.1800
   98.1500
   98.2000
   98.2200
   98.2800
   98.2500
   98.2900
   98.2700
   98.1900
   98.2300
   98.2500
   98.2800
   98.3000
   98.3200
   98.2400
   98.3100
   98.2400
   98.3600
   98.3000
   98.3000
   98.3200
   98.3200
   98.3200
   98.3000
   98.3200
   98.3500
   98.3400
   98.3500
   98.3200
   98.3500
   98.3000
   98.3500
   98.3800
   98.3900
   98.3300
   98.3300
   98.3600
   98.3700
   98.4200
   98.3200
   98.3200
   98.4000
   98.4100
   98.3900
   98.3300
   98.3900
   98.4100
   98.3600
   98.3300
   98.3800
   98.3800
   98.4200
   98.3200
   98.4500
   98.4400
   98.4000
   98.4300
   98.4300
   98.4200
   98.4800
   98.4700
   98.5400
   98.4800
   98.4700
   98.4600
   98.5400
   98.5000
   98.5500
   98.5000
   98.5400
   98.5000
   98.5200
   98.5100
   98.5500
   98.5700
   98.4600
   98.6200
   98.5300
   98.5300
   98.6100
   98.5900
   98.6100
   98.5400
   98.5900