97.73
98.4
98.63
98.7
98.81
98.87
98.82
98.88
98.84
98.93
98.88
98.79
98.92
98.96
98.91
98.94
98.96
98.93
98.92
98.95
98.95
98.99
99.01
99.01
98.91
99.02
98.97
99.0
98.98
99.03
98.98
98.97
98.97
98.97
99.02
99.03
99.01
99.09
99.04
99.05
99.02
99.02
99.04
99.1
99.0
99.03
99.04
99.08
99.06
99.05
99.08
99.02
99.04
99.01
99.08
99.03
99.07
99.05
99.05
99.1
99.07
99.1
99.09
99.06
99.02
99.09
99.09
99.08
99.06
99.06
99.07
99.04
99.08
99.05
99.09
99.1
99.12
99.08
99.06
99.12
99.1
99.14
99.19
99.13
99.1
99.12
99.08
99.09
99.11
99.07
99.14
99.17
99.18
99.17
99.12
99.18
99.22
99.18
99.12
99.2
99.22
99.14
99.15
99.13
99.16
99.16
99.2
99.15
99.18
99.16
99.11
99.14
99.21
99.19
99.13
99.16
99.15
99.19
99.22
99.1
99.16
99.19
99.2
99.12
99.16
99.22
99.16
99.16
99.14
99.19
99.19
99.18
99.17
99.09
99.18
99.11
99.16
99.16
99.14
99.22
99.12
99.19
99.13
99.19
99.14
99.18
99.19
99.15
99.2
99.22
99.17
99.19
99.12
99.16
99.16
99.12
99.1
99.15
99.13
99.2
99.16
99.2
99.2
99.14
99.15
99.18
99.08
99.09
99.07
99.16
99.12
99.13
99.16
99.17
99.17
99.12
99.15
99.17
99.11
99.17
99.1
99.16
99.13
99.16
99.11
99.16
99.14
99.14
99.1
99.16
99.16
99.17
99.23
99.15
99.16
99.12
99.17
99.14
99.13
99.14
