   15.8700
   17.2500
   19.6000
   22.5900
   26.9600
   30.8600
   34.5700
   38.7200
   42.9500
   47.1000
   51.0600
   55.0500
   57.9900
   59.6500
   61.5200
   63.0400
   64.3200
   65.4600
   66.4900
   67.1300
   67.5900
   67.8700
   68.0400
   68.8800
   69.5500
   70.0100
   70.6000
   71.5800
   72.4700
   73.7700
   73.7800
   75.4700
   76.1800
   77.1100
   77.6500
   78.6700
   80.0000
   80.3400
   80.7000
   81.4000
   81.7100
   82.9800
   83.2900
   83.1700
   84.3000
   83.9600
   84.6600
   84.7400
   84.8900
   85.5900
   85.9300
   85.7700
   86.3300
   86.4800
   86.7500
   86.7000
   86.7800
   87.2800
   87.2800
   87.3800
   87.7700
   87.8300
   87.8200
   87.9300
   88.0700
   88.2900
   88.3800
   88.4400
   88.5900
   88.7000
   88.8100
   88.9600
   88.9500
   89.1800
   89.0800
   89.2400
   89.2000
   89.2900
   89.6400
   89.6000
   89.6300
   89.8200
   89.9200
   89.8700
   90.1100
   90.1900
   90.1900
   90.1700
   90.1900
   90.3400
   90.4600
   90.5300
   90.5200
   90.7700
   90.6800
   90.7000
   90.9000
   90.8900
   91.0700
   91.1100
   91.0000
   91.3500
   91.1500
   91.4400
   91.4100
   91.4600
   91.5600
   91.5700
   91.5700
   91.7300
   91.7100
   91.7300
   91.8900
   91.8700
   91.8800
   91.9200
   91.9600
   91.9300
   92.0100
   92.0600
   92.1000
   92.1100
   92.1500
   92.2700
   92.3100
   92.2400
   92.3000
   92.4100
   92.4500
   92.4200
   92.4400
   92.5300
   92.5500
   92.6800
   92.6800
   92.6600
   92.7200
   92.8000
   92.7100
   92.8800
   92.8000
   92.8500
   92.8900
   92.9300
   92.8400
   92.9200
   92.8400
   92.9700
   92.9500
   93.0600
   93.0900
   93.0300
   93.1400
   93.1600
   93.2200
   93.1900
   93.3700
   93.2700
   93.3400
   93.3700
   93.2700
   93.3200
   93.4100
   93.4100
   93.4400
   93.4300
   93.5100
   93.5600
   93.5000
   93.6400
   93.5800
   93.6200
   93.6600
   93.4900
   93.7100
   93.7700
   93.7000
   93.6900
   93.7700
   93.6800
   93.8100
   93.7500
   93.7600
   93.8400
   93.8400
   93.8900
   93.9500
   93.9400
   93.8700
   93.9600
   93.9100
   93.8900
   94.0000
   94.1100
   94.0200
   94.0800
   94.1200
   94.1400
   94.1100
   94.1000