53.06
82.62
87.88
89.78
91.0
91.89
92.42
92.96
93.39
93.72
94.07
94.45
94.79
95.04
95.19
95.41
95.62
95.82
95.94
96.01
96.2
96.33
96.45
96.51
96.67
96.73
96.84
96.9
96.96
97.0
97.06
97.17
97.16
97.22
97.21
97.25
97.37
97.35
97.43
97.4
97.49
97.52
97.55
97.57
97.64
97.56
97.66
97.61
97.68
97.75
97.78
97.79
97.65
97.85
97.83
97.9
97.93
97.93
97.96
97.95
97.98
97.97
97.97
97.99
98.08
98.03
98.09
98.07
98.05
98.1
98.11
98.12
98.11
98.11
98.15
98.16
98.2
98.18
98.14
98.16
98.18
98.17
98.24
98.2
98.21
98.21
98.21
98.28
98.26
98.26
98.32
98.33
98.34
98.36
98.35
98.38
98.41
98.4
98.35
98.43
98.45
98.43
98.49
98.43
98.44
98.46
98.49
98.53
98.43
98.49
98.49
98.48
98.54
98.58
98.56
98.57
98.54
98.5
98.54
98.58
98.55
98.54
98.54
98.59
98.55
98.58
98.59
98.58
98.56
98.65
98.6
98.61
98.58
98.58
98.57
98.61
98.56
98.61
98.66
98.61
98.6
98.63
98.62
98.66
98.64
98.66
98.64
98.65
98.65
98.67
98.67
98.64
98.62
98.67
98.69
98.67
98.66
98.67
98.65
98.66
98.65
98.69
98.69
98.63
98.7
98.72
98.65
98.69
98.67
98.7
98.68
98.7
98.72
98.71
98.71
98.71
98.66
98.71
98.7
98.68
98.68
98.7
98.69
98.68
98.68
98.67
98.72
98.7
98.71
98.69
98.69
98.7
98.7
98.72
98.71
98.73
98.72
98.74
98.7
98.72
