   77.6600
   87.6000
   90.2300
   92.5400
   93.5100
   93.9800
   94.5800
   94.8000
   95.1100
   95.0000
   95.5300
   95.5900
   95.7200
   95.5900
   95.3400
   95.2700
   95.5000
   95.8200
   96.0200
   96.2000
   96.0200
   96.0700
   96.1000
   95.8600
   95.5600
   95.4900
   95.6700
   95.8900
   95.6900
   96.0900
   96.0900
   96.1500
   96.2000
   96.1400
   96.2900
   96.4200
   96.3100
   96.4400
   96.5700
   96.7800
   96.9000
   96.8100
   96.7900
   96.8400
   96.5100
   96.5700
   96.3200
   95.9700
   96.1100
   96.3300
   96.3600
   96.3000
   96.2100
   95.9400
   95.9400
   96.2400
   96.3300
   96.3100
   96.1400
   96.2700
   96.2100
   96.2200
   96.2600
   96.2000
   96.3200
   96.5500
   96.5500
   96.5600
   96.5100
   96.7300
   96.4400
   96.1500
   96.0800
   96.3300
   96.2400
   96.5200
   96.5300
   96.5200
   96.5900
   96.5800
   96.3900
   96.5200
   96.6100
   96.6200
   96.6700
   96.5000
   96.2100
   96.4800
   96.4600
   96.2600
   95.9400
   96.3500
   96.0800
   96.3500
   96.3900
   96.4400
   96.6000
   96.4700
   96.3800
   96.1700
