   92.0400
   94.7500
   95.0600
   95.7000
   96.1200
   96.3600
   96.2800
   96.5300
   96.3600
   96.2600
   96.2700
   96.7300
   96.7600
   96.5400
   96.2600
   96.6100
   96.8500
   96.6700
   97.1100
   97.1900
   96.9700
   97.0800
   96.5700
   96.5900
   96.8800
   96.8400
   96.8700
   96.9000
   97.1000
   97.2700
   96.8000
   96.8000
   96.9400
   97.0300
   96.6300
   96.9900
   97.0500
   97.0900
   96.6300
   96.5500
   96.7400
   96.5100
   97.0200
   96.6600
   96.9100
   96.8700
   96.7800
   96.9900
   97.1400
   96.5600
   96.8000
   97.0100
   96.6000
   96.8300
   96.7000
   96.3300
   97.0400
   96.9000
   96.8000
   96.8200
   96.7400
   97.0500
   97.0000
   96.8200
   97.0300
   96.9300
   96.6900
   96.6200
   96.7200
   96.8600
   96.6700
   96.7100
   96.4400
   96.2600
   96.3500
   96.3100
   96.6400
   96.8100
   96.7100
   96.3600
   96.5000
   96.7500
   96.4700
   96.8600
   96.8900
   96.4200
   96.4200
   96.8700
   96.4300
   96.6800
   96.9000
   96.7000
   96.5900
   96.7100
   96.9700
   96.7900
   96.9500
   96.9600
   96.4600
   96.6100
