18.36
38.46
54.02
60.85
66.66
70.6
76.6
81.16
83.68
84.91
85.95
86.62
87.44
88.19
88.6
89.26
89.63
89.95
90.4
90.69
90.84
91.26
91.45
91.73
91.86
92.21
92.31
92.43
92.49
92.69
92.91
93.09
93.37
93.52
93.65
93.61
93.81
93.84
94.02
94.11
94.18
94.28
94.22
94.54
94.53
94.56
94.63
94.76
94.88
94.88
94.93
95.01
95.05
95.19
95.16
95.19
95.27
95.28
95.34
95.41
95.46
95.51
95.58
95.61
95.62
95.68
95.72
95.75
95.8
95.86
95.75
95.75
95.96
95.89
95.89
95.95
95.98
96.16
96.11
96.08
96.2
96.17
96.15
96.19
96.17
96.31
96.31
96.29
96.34
96.37
96.26
96.35
96.48
96.4
96.45
96.45
96.5
96.46
96.53
96.59
96.59
96.56
96.55
96.51
96.52
96.61
96.62
96.63
96.57
96.69
96.8
96.69
96.73
96.69
96.76
96.79
96.84
96.8
96.83
96.79
96.85
96.9
96.85
96.84
96.86
96.87
96.91
96.92
96.97
96.98
97.05
96.98
96.98
96.99
97.03
97.1
97.06
97.11
97.07
97.17
97.05
97.11
97.13
97.16
97.19
97.17
97.19
97.17
97.19
97.16
97.21
97.19
97.3
97.26
97.23
97.25
97.31
97.26
97.27
97.33
97.33
97.31
97.4
97.4
97.44
97.44
97.45
97.41
97.43
97.52
97.44
97.4
97.48
97.52
97.52
97.52
97.58
97.58
97.51
97.56
97.57
97.56
97.57
97.58
97.6
97.62
97.62
97.63
97.56
97.65
97.59
97.65
97.69
97.7
97.67
97.72
97.68
97.62
97.73
97.66
