51.77
75.88
84.4
87.6
89.23
90.46
91.34
92.09
92.53
92.97
93.41
93.52
93.8
94.16
94.26
94.49
94.61
94.82
95.07
95.09
95.19
95.52
95.5
95.56
95.73
95.82
95.8
95.94
96.07
96.1
96.32
96.2
96.31
96.36
96.39
96.46
96.52
96.68
96.58
96.72
96.7
96.81
96.75
96.8
96.85
96.78
96.91
96.99
97.04
97.09
97.11
97.08
97.13
97.14
97.21
97.25
97.19
97.25
97.27
97.31
97.34
97.34
97.3
97.38
97.41
97.42
97.5
97.42
97.52
97.55
97.58
97.57
97.59
97.5
97.58
97.63
97.53
97.63
97.6
97.73
97.72
97.79
97.73
97.71
97.78
97.8
97.74
97.84
97.82
97.76
97.81
97.8
97.81
97.87
97.86
97.87
97.86
97.92
97.85
97.86
97.89
97.87
97.92
97.92
97.96
97.91
97.87
98
98.06
97.99
97.95
98.03
98.04
98
98.01
98.04
98.06
98
98.17
98.06
98.03
98.11
98.12
98.09
98.04
98.09
98.08
98.07
98.1
98.06
98.11
98.18
98.11
98.12
98.15
98.15
98.14
98.22
98.21
98.18
98.23
98.18
98.27
98.23
98.23
98.24
98.21
98.21
98.2
98.23
98.21
98.25
98.23
98.31
98.28
98.27
98.27
98.33
98.22
98.27
98.27
98.3
98.3
98.28
98.29
98.24
98.33
98.28
98.36
98.29
98.3
98.34
98.36
98.29
98.4
98.32
98.36
98.4
98.38
98.38
98.33
98.44
98.44
98.36
98.39
98.43
98.45
98.5
98.49
98.43
98.43
98.44
98.38
98.49
98.47
98.41
98.52
98.48
98.48
98.48
