11.41
13.39
17.54
24.66
33.86
43.16
55.17
62.04
66.32
68.86
72.84
74.19
77.3
79.11
80.04
81.26
82.24
82.74
83.63
83.9
84.01
85.61
86
86.51
86.79
86.57
87.19
87.57
87.85
87.66
88.6
88.55
88.87
88.81
89.24
89.63
89.97
89.95
90.18
90.02
90.51
90.79
90.81
90.61
90.7
90.71
91.28
91.42
91.32
91.43
91.57
91.96
91.88
91.91
91.85
92.03
92.24
92.54
92.54
92.52
92.52
92.72
92.83
92.92
92.89
92.97
93.02
93.16
93.16
92.96
93.25
93.29
93.41
93.41
93.55
93.68
93.46
93.72
93.63
93.78
93.91
93.74
93.96
94.03
94.2
94.04
94.24
94.2
94.29
94.38
94.35
94.41
94.49
94.43
94.45
94.23
94.58
94.51
94.52
94.67
94.61
94.65
94.75
94.77
94.73
94.8
94.76
94.75
94.87
94.92
94.93
94.95
94.92
94.95
94.89
94.96
95.07
95.13
95.08
95.22
95.14
95.2
95.19
95.28
95.2
95.3
95.33
95.39
95.36
95.44
95.42
95.46
95.47
95.48
95.49
95.55
95.56
95.63
95.56
95.65
95.71
95.68
95.78
95.73
95.66
95.82
95.78
95.76
95.67
95.75
95.85
95.95
95.85
95.93
95.92
95.91
95.92
95.89
96
96.07
96.08
95.97
96.05
96.1
96.05
96.09
96.2
96.19
96.1
96.05
96.2
96.19
96.23
96.24
96.27
96.26
96.22
96.24
96.35
96.39
96.33
96.34
96.33
96.33
96.4
96.33
96.36
96.4
96.36
96.45
96.45
96.45
96.44
96.42
96.46
96.43
96.56
96.55
96.61
96.6
