26.65
22.42
52.6
46.77
53.42
71.81
75.56
73.71
86.51
83.91
89.4
88.61
91.05
88.53
85.47
85.83
92.05
94.88
90.59
88.76
92.06
93
92.49
92.58
88.98
89.82
94.15
94.26
92.02
91.78
93.6
92.52
93.72
92.74
89.54
84.05
87.46
91.32
93.89
95.84
96.54
95.17
95.98
95.63
95.46
96.75
90.55
97.17
95.66
96.73
96.71
90.32
93.43
93.86
97.29
95.84
95.55
95.2
94.24
94.28
95.04
96.23
96.53
95.73
95.06
91.54
95.78
96.17
96.43
96.21
97.2
97.67
97.14
95.9
94.02
97.63
97.26
97.55
97.46
92.99
97.7
97.18
97.52
89.95
94.45
97.74
96.36
96.76
95.66
97
93.94
92.82
97.31
97
96.08
96.29
97.23
97.55
97.43
96.02
96.26
95.93
94.3
96.51
97.83
97.36
97.71
96.75
96.37
96.57
95.15
96.03
96.56
97.93
97.59
97.48
97.74
96.12
98.01
97.97
97.43
97.84
97.55
97.33
97.95
96.39
95.75
97.43
97.07
98.04
95
97.84
97.48
96.05
95.93
92.13
97.01
97.02
97.35
96.24
97.42
96.69
96.06
97.48
97.79
97.59
96.08
96.65
96.84
97.3
96.68
94.79
95.02
97.18
97.42
96.98
92.78
94.38
97.7
96.03
97.67
94.57
96.52
95.33
90.73
95.39
96.87
96.87
97.54
97.51
97.27
94.65
98.16
97.76
97.6
97.6
93.4
97.98
96.14
97.6
94.26
97.01
97.92
97.84
98.32
97.9
96.26
97.61
91.93
98.29
97.71
96.74
98.39
97.83
98.22
97.43
97.21
98.38
96.37
97.76
