31.68
33.28
50.6
69.2
70.3
74.68
79.69
77.2
88.13
84.78
84.08
87.56
81.7
90.39
81.67
84.29
91
82.78
92.6
90.59
88.26
89.79
93.74
92.71
93.96
90.43
93.81
90.92
92.25
94.31
93.54
90.2
91.22
93.47
91.72
94.69
92.68
91.73
93.23
95.59
85.17
93.43
92.64
93.72
95.06
93.99
93.23
96.24
94.57
94.49
96.25
95.44
96.21
92.58
94.98
92.71
95.72
96.43
96.39
94.2
96.2
95.74
95.08
95.74
96.91
96.23
96.52
97.18
95.72
96.64
93.56
97.27
95.45
93.71
96.22
93.98
96.46
96.66
96.03
96.79
97.06
97.06
96.02
97.01
97.17
95.96
96.95
96.86
97.29
97.2
97.18
97.29
96.35
96
96.32
97.03
95.89
95.48
93.95
96.93
97.05
97.48
97.29
97.32
96.66
95.96
95.41
95.95
96.2
96.62
97.17
97.34
96.53
97.74
97.74
97.93
97.42
95.7
97.62
97.79
97.81
97.07
97.67
97.61
97.92
97.36
96.96
96.45
96.47
97.39
97.53
97.67
97.62
97.21
96.59
98.09
97.77
98.17
97.9
96.99
97.32
97.26
96.89
97.35
96.52
97.78
97.96
96.8
96.09
96.11
97.96
96.44
97.46
97.07
98.21
97.58
98.13
97.77
98.09
98.19
98.29
97.98
97.93
98.07
97.91
97.87
98.17
98
98.24
96.75
97.32
97.95
98.28
96.76
97.67
97.39
97.97
98.22
98.34
96.9
96.31
93.79
97.23
98.15
97.21
98.32
97.58
98.19
98.23
97.47
97.91
96.72
97.3
98.36
97.98
98.27
97.92
96.65
97.88
98.29
