8.51
9.03
10.47
10.71
11.19
11.95
12.19
12.22
12.61
12.52
13.03
13.2
13.51
14.14
13.66
13.76
13.91
15
15.77
16.16
16.77
17.13
17.36
17.05
17.1
17.57
18.21
18.48
18.22
17.57
17.45
17.43
17.26
17.64
17.74
18.39
18.32
18.67
18
17.75
18.27
18.55
17.81
17.97
18.29
19.62
20.3
20.75
21.14
21.94
21.91
22.55
22.24
21.72
21.19
20.96
21.33
22.15
22.61
23.47
23.12
22.7
22.81
23.5
23.49
25.66
24.79
24.49
26.19
26.71
27.17
29.77
30.15
29.47
29.2
29.74
30.25
30.22
30.57
30.69
31.06
30.92
31.74
32.7
32.79
32.91
33.84
34
35.67
34.69
36.3
33.99
37.91
40.14
39.83
39.59
39.42
43.34
45.19
44.23
44.15
46.42
46.59
46.03
45.69
47.93
46.85
44.91
46.2
44.85
44.49
43.53
42.33
40.96
44.22
46.16
46.97
44.45
43.07
44.22
46.6
47.58
48.57
49.29
50.82
50.5
50.2
50.16
48.7
49.69
47.15
50.23
51.2
46.35
46.66
46.34
48.16
46.14
47.28
44.05
44.65
42.25
40.89
42.86
45.84
45
43.52
43.61
45.66
45.38
47.02
47.12
48.89
46.23
48.53
45.91
47.93
43.9
47.79
51.53
53.85
55.52
56.42
56.69
55.43
54.38
56.17
53.71
54.51
57.07
57.99
59.19
61.02
61.76
61.75
61.18
59.83
60.23
61.26
59.99
57.99
58.27
59.72
61.29
59.41
60.81
60.11
60.64
62.41
65
66.53
65.92
64.78
65.54
67.1
66.8
67.76
67.79
67.03
66.21
