34.54
41.61
47.08
35.84
60
69.14
69.62
60.12
75.2
59.54
81.89
69.96
77.27
80.47
79.18
81.86
84.7
76.62
77.17
84.47
74.82
82.86
84.53
88.43
73.93
86.8
80.45
89.45
89.64
84.15
91.26
90.87
90.29
87.95
90.11
85.23
91.99
85.99
81.24
89.84
88.84
86.43
91.55
91.73
90.93
92.77
93.28
92.28
85.41
77.87
88.03
90.99
84.04
87.1
89.28
88.09
84.81
94.33
94.16
87.51
95.35
90.01
92.74
91.96
93.96
92.69
87.61
87.1
85.94
92.86
94.29
87.34
87.16
87.97
89.09
95.39
93.65
88.89
93.68
95.17
94.81
89.71
94.49
91.81
92.06
93.6
95.02
94.75
95.13
91.92
90.11
93.49
94.21
87.09
91.7
94.13
83.74
93.58
90.89
90.15
94.02
94.61
94.44
96.17
93.36
95.26
93.68
94.4
92.96
96.33
88.28
93.09
96.37
95.35
96.23
93.25
94.82
93.78
92.46
96.13
89.77
93.66
96.11
95.43
92.11
94.67
94.32
94.99
92.86
94.71
93.41
92.73
94.4
96.46
93.97
96.11
94.48
96.29
96.24
93.49
91.62
90.23
93.19
95.29
93.56
96.39
93.49
91.1
94.55
96.74
95.93
94.77
95.88
93.71
94.96
96.81
96.4
96.24
94.42
96.21
96.5
97.03
97.15
92.35
95.18
96.72
96.53
96.31
95
95.49
96.63
96.5
96.3
92.41
91.54
95.46
96.68
96.17
95.35
94.57
90.84
90.44
94.6
88.57
93.89
97.39
93.89
94
96.4
94.21
91.68
94.19
95.97
95.54
94.64
96.65
96.22
91.79
96.7
96.49
