7.92
7.56
7.26
6.91
6.64
6.44
6.16
6.1
5.93
5.95
6.05
6.08
6.3
6.52
6.81
7.14
7.65
8.12
8.56
9.03
9.52
9.85
10.17
10.45
10.7
10.94
11.23
11.36
11.46
11.56
11.69
11.85
11.98
12.13
12.35
12.45
12.67
12.87
12.96
13.19
13.43
13.58
13.85
13.94
14.12
14.46
14.64
15.02
15.31
15.45
15.77
16.17
16.66
16.93
17.27
17.61
17.88
18.23
18.58
18.84
19.22
19.81
20.3
20.91
21.36
22
22.61
23.17
23.62
24.2
24.56
25.05
25.75
26.38
26.85
27.21
27.79
28.27
28.7
29.28
29.77
30.18
30.62
31.05
31.57
31.9
32.29
32.75
33.11
33.47
33.87
34.2
34.56
34.9
35.52
35.93
36.19
36.55
36.99
37.31
37.68
38.12
38.24
38.7
39.04
39.44
39.86
40.45
40.79
41.15
41.41
41.82
42.23
42.66
42.89
43.18
43.5
44.05
44.41
44.79
44.97
45.48
45.82
46.15
46.37
47.12
47.65
48.01
48.59
49.57
50.21
50.85
51.36
51.95
52.81
53.8
54.49
55.22
55.8
56.7
57.25
57.42
58.09
58.69
59.32
59.97
60.59
61.37
62.04
62.68
63.13
63.48
63.9
64.61
65.09
65.9
66.36
66.89
67.37
67.72
68.31
68.51
68.78
69.31
69.5
69.77
69.93
70.25
70.62
70.9
71.08
71.38
71.79
71.96
72.15
72.42
72.48
72.82
72.98
73.22
73.33
73.61
73.75
73.85
73.98
74.29
74.51
74.48
74.62
74.55
74.61
74.88
74.92
75.26
75.45
75.51
75.43
75.55
75.69
75.8
