8.39
10.06
11.73
13.63
15.16
16.76
17.95
19.56
21.21
22.8
24.51
26.28
28.27
30.92
33.92
37.56
39.86
41.74
43.2
44.6
46.17
47.47
49.82
52.92
56.45
61.42
65.71
68.85
70.01
72.68
74.98
76.34
77.15
77.94
78.58
79.65
80.43
81.11
81.44
82.16
82.63
82.91
83.64
83.75
84.16
84.6
84.77
85.12
85.21
85.74
85.81
86.11
86.29
86.48
86.67
86.99
87.08
87.04
87.5
87.63
87.66
87.44
87.92
87.92
88.09
88.37
88.44
88.7
88.63
88.81
88.94
88.94
89.09
89.21
89.29
89.39
89.47
89.41
89.69
89.77
89.68
89.81
89.92
90.05
89.99
90.2
90.1
90.25
90.31
90.34
90.37
90.46
90.48
90.61
90.77
90.49
90.68
90.77
90.87
90.78
90.93
90.98
90.98
90.99
91.16
91.23
91.26
91.36
91.35
91.32
91.56
91.59
91.41
91.52
91.67
91.77
91.9
91.66
91.69
91.84
91.9
91.78
91.77
91.87
91.86
92.01
92.01
92.11
92.23
92.1
92.21
92.19
92.35
92.23
92.39
92.38
92.45
92.48
92.54
92.48
92.59
92.55
92.56
92.65
92.71
92.75
92.8
92.89
92.87
92.95
93.02
92.97
93.03
93.02
92.98
93.16
93.13
93.2
93.15
93.21
93.31
93.11
93.28
93.24
93.25
93.39
93.4
93.31
93.46
93.58
93.43
93.66
93.52
93.55
93.73
93.62
93.69
93.51
93.52
93.6
93.71
93.76
93.77
93.69
93.74
93.76
93.84
93.82
93.93
93.86
93.8
93.94
93.82
93.98
93.98
94.08
94.12
94.04
93.97
94.04
