85.23
91.11
93.01
94.13
94.82
95.49
95.92
96.12
96.33
96.55
96.62
96.78
96.99
97.24
97.3
97.39
97.46
97.45
97.55
97.53
97.59
97.68
97.79
97.78
97.84
97.87
97.83
97.95
97.92
97.95
98.01
97.93
98.02
98.06
98.15
98.08
98.02
98.15
98.26
98.23
98.2
98.21
98.27
98.28
98.37
98.35
98.38
98.35
98.41
98.41
98.39
98.38
98.41
98.43
98.47
98.45
98.49
98.48
98.48
98.51
98.55
98.52
98.43
98.54
98.6
98.62
98.66
98.63
98.65
98.64
98.7
98.64
98.66
98.68
98.66
98.66
98.64
98.66
98.69
98.69
98.66
98.69
98.74
98.72
98.8
98.74
98.77
98.8
98.79
98.79
98.75
98.76
98.75
98.77
98.76
98.78
98.81
98.85
98.86
98.8
98.84
98.82
98.9
98.88
98.92
98.8
98.89
98.93
98.94
98.94
98.96
98.87
98.92
98.92
98.93
98.93
98.94
98.92
98.94
98.91
98.94
98.98
98.97
99.01
99.01
98.92
98.96
98.98
98.96
98.96
98.95
99
98.98
99.01
98.96
98.95
98.92
99.05
99.01
98.98
98.96
98.95
98.95
99.04
98.95
99.01
99
99.04
99.03
99.01
99.04
98.96
99.01
99.01
98.99
99
99.04
99.03
98.98
99.04
99.05
99.02
98.98
99.06
99.04
98.97
98.96
98.95
98.99
99.07
99.02
99.04
99.01
99.02
99.02
98.99
99.01
99.01
99.01
99
99.02
99
98.99
99.09
99.07
99.11
99.02
99.01
99.04
98.95
99
99.01
99.04
99.03
99.05
98.99
99.06
99.08
99.06
99.06
