92.21
95.19
96.11
96.5
96.91
97.18
97.41
97.6
97.68
97.96
97.97
98.01
98.12
98.3
98.32
98.4
98.33
98.48
98.42
98.47
98.53
98.46
98.5
98.57
98.52
98.62
98.59
98.57
98.67
98.65
98.61
98.62
98.66
98.65
98.59
98.65
98.71
98.71
98.7
98.64
98.68
98.72
98.68
98.59
98.75
98.69
98.69
98.69
98.8
98.74
98.63
98.64
98.72
98.76
98.79
98.79
98.8
98.82
98.8
98.76
98.8
98.75
98.69
98.75
98.81
98.77
98.74
98.75
98.68
98.79
98.74
98.83
98.74
98.81
98.79
98.84
98.76
98.85
98.87
98.8
98.84
98.8
98.82
98.77
98.84
98.89
98.87
98.89
98.83
98.93
98.89
98.84
98.82
98.9
98.89
98.92
98.88
98.89
98.92
98.85
98.84
98.84
98.85
98.92
98.87
98.86
98.89
98.89
98.89
98.97
98.9
98.9
98.84
98.82
98.89
98.96
98.91
98.89
98.91
98.95
98.93
98.94
98.87
98.95
98.97
98.94
98.99
98.97
98.98
99
98.93
99.04
99
99
98.91
98.95
98.96
98.9
98.92
98.98
98.96
99
98.97
99.01
98.94
99
98.95
98.94
98.97
98.96
98.99
99.02
98.99
98.92
98.97
98.97
99
98.95
98.96
99
98.95
99
98.97
99
98.98
99.08
99.01
99.04
98.98
99
99.09
99.04
99.02
99.02
98.99
99.05
99.1
99.06
99.02
98.97
99.05
98.99
98.99
98.97
99
98.98
99.07
99.02
99.06
99.03
98.97
99.01
98.98
99.01
98.99
99.06
99.08
99.1
98.99
99.06
