   97.5700
   98.2500
   98.6100
   98.6800
   98.8000
   98.7800
   98.8600
   98.9400
   98.9000
   98.8800
   98.8800
   98.9400
   98.9200
   98.9800
   98.9900
   99.0100
   99.0800
   99.0700
   99.0500
   99.1000
   99.0900
   99.1200
   99.1000
   99.1100
   99.0800
   99.1400
   99.0800
   99.1200
   99.0700
   99.0900
   99.0500
   99.1000
   99.1300
   99.0300
   99.0900
   99.1200
   99.1600
   99.1300
   99.1000
   99.1300
   99.1100
   99.1200
   99.1600
   99.1100
   99.1200
   99.0200
   99.0900
   99.1000
   99.0600
   99.1100
   99.1500
   99.0900
   99.1500
   99.1200
   99.1200
   99.0300
   99.1600
   99.1100
   99.0800
   99.1100
   99.0100
   99.1000
   99.0900
   99.1100
   99.1100
   99.1700
   99.0900
   99.1100
   99.1200
   99.0500
   99.1400
   99.1600
   99.0600
   99.1300
   99.1400
   99.0800
   99.0900
   99.1200
   99.0800
   99.1100
   99.0800
   99.1200
   99.0600
   99.0700
   99.0900
   99.1200
   99.0700
   99.0600
   99.1200
   99.1300
   99.1600
   99.0900
   99.1600
   99.1500
   99.1100
   99.1000
   99.1600
   99.1200
   99.1500
   99.1600
   99.1100
   99.1100
   99.1100
   99.2100
   99.0800
   99.1500
   99.0600
   99.1000
   99.0700
   99.1100
   99.1100
   99.1600
   99.1600
   99.1800
   99.1400
   99.0900
   99.1400
   99.0600
   99.1300
   99.1900
   99.0700
   99.1900
   99.1800
   99.1900
   99.1300
   99.1400
   99.1900
   99.1300
   99.1100
   99.0800
   99.1100
   99.1700
   99.1400
   99.2000
   99.1700
   99.1300
   99.1700
   99.1400
   99.1600
   99.2000
   99.1500
   99.2200
   99.1700
   99.2200
   99.2100
   99.1900
   99.1500
   99.1400
   99.1600
   99.1700
   99.2300
   99.1400
   99.1900
   99.1400
   99.2400
   99.1800
   99.2100
   99.2100
   99.2300
   99.1500
   99.1800
   99.1700
   99.2200
   99.1900
   99.1500
   99.1800
   99.2100
   99.1800
   99.2100
   99.2200
   99.2700
   99.2000
   99.2200
   99.2400
   99.2000
   99.2000
   99.1600
   99.2000
   99.2500
   99.1400
   99.1800
   99.1400
   99.2000
   99.2100
   99.2100
   99.2600
   99.1800
   99.1900
   99.1900
   99.1500
   99.2000
   99.1800
   99.1700
   99.1900
   99.1900
   99.1900
   99.0700
   99.2200
   99.1600
   99.1800