   57.1300
   66.3200
   82.4300
   87.2600
   89.4400
   90.9700
   91.7600
   92.5300
   93.1800
   93.5700
   93.9100
   94.2300
   94.5500
   94.7900
   94.9400
   95.0500
   95.2500
   95.2400
   95.4800
   95.6100
   95.7700
   95.8600
   95.9600
   96.2400
   96.1900
   96.3100
   96.3600
   96.6000
   96.6400
   96.6800
   96.6600
   96.7800
   96.9200
   96.8800
   96.9300
   96.8900
   96.9400
   97.0500
   97.0800
   96.9800
   97.0900
   97.1700
   97.1700
   97.1400
   97.1800
   97.2700
   97.3200
   97.3400
   97.2700
   97.3000
   97.4200
   97.4100
   97.4900
   97.5300
   97.4300
   97.4500
   97.6400
   97.6100
   97.6100
   97.6900
   97.6900
   97.6700
   97.7300
   97.6500
   97.7100
   97.6700
   97.6700
   97.6600
   97.6500
   97.7300
   97.7400
   97.8000
   97.8800
   97.8300
   97.9100
   97.7800
   97.8200
   97.7900
   97.7900
   97.9000
   97.8700
   97.8800
   97.8500
   97.8800
   97.8800
   97.9500
   97.9800
   97.8300
   97.9400
   98.0100
   98.0200
   97.9200
   98.0200
   97.9400
   97.9700
   98.1300
   97.9600
   98.0600
   98.0600
   98.1400
   98.0800
   98.0600
   98.1000
   98.1100
   98.1800
   98.0300
   98.0900
   98.1400
   98.1400
   98.0900
   98.1300
   98.1900
   98.2000
   98.2700
   98.2000
   98.1800
   98.2600
   98.2800
   98.2500
   98.2900
   98.2700
   98.3000
   98.2600
   98.2700
   98.3500
   98.2900
   98.3500
   98.3500
   98.2900
   98.3300
   98.3400
   98.3000
   98.2700
   98.2600
   98.2500
   98.3100
   98.2900
   98.3800
   98.3900
   98.3900
   98.2800
   98.3800
   98.3700
   98.3300
   98.4200
   98.4400
   98.4000
   98.4400
   98.4600
   98.4200
   98.3900
   98.4500
   98.4000
   98.4200
   98.4200
   98.4600
   98.4200
   98.3900
   98.5000
   98.3600
   98.4800
   98.5600
   98.4000
   98.4000
   98.5000
   98.4400
   98.4200
   98.4800
   98.4800
   98.4900
   98.4700
   98.4500
   98.4500
   98.5500
   98.5600
   98.5900
   98.6000
   98.6400
   98.6000
   98.6100
   98.6100
   98.5600
   98.5600
   98.5700
   98.6300
   98.6600
   98.5900
   98.6100
   98.5700
   98.6100
   98.6000
   98.5900
   98.6800
   98.6700
   98.7000
   98.5900
   98.5600
   98.6200
   98.6100
   98.6600