   58.3000
   82.0300
   87.0600
   89.4900
   90.7200
   91.7000
   92.6800
   93.3600
   93.7000
   94.1700
   94.5000
   94.8900
   95.0800
   95.2500
   95.4400
   95.6700
   95.8700
   96.0300
   96.2100
   96.2900
   96.4300
   96.5100
   96.5800
   96.7300
   96.7000
   96.7900
   96.9000
   96.8700
   96.9300
   97.0800
   97.1300
   97.1600
   97.2000
   97.2400
   97.2700
   97.3600
   97.3700
   97.4100
   97.5300
   97.4700
   97.5700
   97.6100
   97.6600
   97.6300
   97.6600
   97.6600
   97.7100
   97.7200
   97.7500
   97.7600
   97.7500
   97.7600
   97.8000
   97.8100
   97.8000
   97.8600
   97.8300
   97.8700
   97.8900
   97.9200
   97.9900
   98.0000
   97.9700
   98.0200
   98.0200
   98.0200
   98.0800
   98.0000
   98.0600
   98.0800
   98.0900
   98.0900
   98.1800
   98.1900
   98.1600
   98.1500
   98.1900
   98.2000
   98.2500
   98.1900
   98.2200
   98.3000
   98.3000
   98.2300
   98.3300
   98.2600
   98.3000
   98.3400
   98.3600
   98.3500
   98.3600
   98.2900
   98.3600
   98.3500
   98.3900
   98.3700
   98.3900
   98.4500
   98.4200
   98.4100
   98.4100
   98.4700
   98.4300
   98.4100
   98.4500
   98.4200
   98.5600
   98.5100
   98.5200
   98.4700
   98.5200
   98.5000
   98.5400
   98.5400
   98.5000
   98.6000
   98.5500
   98.5300
   98.5400
   98.6000
   98.5300
   98.6100
   98.6000
   98.5900
   98.6000
   98.6100
   98.5800
   98.5500
   98.6300
   98.6400
   98.6700
   98.6400
   98.6300
   98.6100
   98.6500
   98.6400
   98.6500
   98.7100
   98.6500
   98.7000
   98.6800
   98.6900
   98.7300
   98.7100
   98.7000
   98.7100
   98.6900
   98.7400
   98.7400
   98.7400
   98.7400
   98.7700
   98.7100
   98.7300
   98.7400
   98.7600
   98.7800
   98.7600
   98.8100
   98.7900
   98.7300
   98.8000
   98.7600
   98.8000
   98.7500
   98.7400
   98.7900
   98.7900
   98.7600
   98.7800
   98.7700
   98.7600
   98.7800
   98.8000
   98.7700
   98.7900
   98.8200
   98.8200
   98.8100
   98.8100
   98.8400
   98.7900
   98.8100
   98.7900
   98.8000
   98.8000
   98.8400
   98.8200
   98.8200
   98.8400
   98.8100
   98.8100
   98.8200
   98.8200
   98.8500
   98.8500
   98.8300
   98.8500
   98.8200
   98.8100