    9.2200
   15.5200
   31.9000
   47.9100
   52.4300
   61.0700
   67.8700
   72.9800
   79.0000
   82.9400
   84.9200
   86.1400
   86.9300
   87.7800
   88.3900
   88.8100
   89.3200
   89.7800
   90.1400
   90.5000
   90.6200
   90.8700
   91.2800
   91.4800
   91.7800
   91.8900
   92.1600
   92.3200
   92.6700
   92.6600
   92.8800
   93.0400
   93.2000
   93.2400
   93.3900
   93.4500
   93.5500
   93.5900
   93.7400
   93.7600
   93.9500
   93.9700
   94.1000
   94.1600
   94.1500
   94.3100
   94.3200
   94.4700
   94.3800
   94.4900
   94.6500
   94.6800
   94.7200
   94.8300
   94.8500
   94.9500
   94.9000
   95.0800
   95.0100
   95.1600
   95.2400
   95.2600
   95.2300
   95.3000
   95.2900
   95.4200
   95.4500
   95.6000
   95.5700
   95.6800
   95.6300
   95.7000
   95.8000
   95.6800
   95.8600
   95.8800
   95.9500
   95.9800
   95.9400
   95.9600
   96.0600
   96.1000
   96.1700
   96.0500
   96.1700
   96.1900
   96.1900
   96.2600
   96.3000
   96.3300
   96.3400
   96.4400
   96.4300
   96.3400
   96.5000
   96.5300
   96.4200
   96.5600
   96.5900
   96.6000
   96.5800
   96.6300
   96.6800
   96.6600
   96.6300
   96.7300
   96.7100
   96.7800
   96.6400
   96.7300
   96.7400
   96.7400
   96.8100
   96.8400
   96.8300
   96.8700
   96.8700
   96.8200
   96.9200
   96.9600
   96.9700
   96.9700
   96.9000
   96.9700
   96.9100
   97.0300
   97.0800
   97.0200
   97.0300
   97.0100
   97.0800
   97.1400
   97.1600
   97.1200
   97.1100
   97.1500
   97.1600
   97.1800
   97.2000
   97.1700
   97.2200
   97.2200
   97.2900
   97.2500
   97.3000
   97.2900
   97.3100
   97.3400
   97.3300
   97.3500
   97.3900
   97.4400
   97.4000
   97.4500
   97.3700
   97.3400
   97.4400
   97.4700
   97.4200
   97.4300
   97.5000
   97.4800
   97.5100
   97.5400
   97.4500
   97.4800
   97.4700
   97.5500
   97.5400
   97.5900
   97.5800
   97.6300
   97.5600
   97.6300
   97.6600
   97.5700
   97.6100
   97.6700
   97.6800
   97.7100
   97.7000
   97.6600
   97.7000
   97.6900
   97.7100
   97.7400
   97.7300
   97.7300
   97.7600
   97.7300
   97.7300
   97.7300
   97.8200
   97.8100
   97.8300
   97.8600
   97.8100
   97.8500
   97.8100
   97.8200