20.570000
39.360001
61.830002
72.110001
73.779999
79.300003
81.480003
84.199997
84.410004
85.260002
86.000000
86.230003
85.930000
88.150002
88.120003
88.489998
88.820000
89.080002
89.300003
89.250000
89.550003
89.669998
89.839996
89.190002
89.709999
89.910004
90.120003
90.320000
90.769997
89.550003
89.820000
90.300003
89.440002
90.849998
89.860001
90.559998
90.290001
89.800003
90.139999
90.820000
91.129997
91.199997
90.500000
90.470001
89.879997
89.830002
90.250000
90.470001
89.800003
90.070000
87.199997
89.059998
88.190002
85.070000
88.599998
88.339996
89.449997
89.300003
89.989998
89.820000
90.830002
90.470001
90.470001
89.889999
90.800003
90.959999
90.629997
91.330002
91.050003
91.400002
90.239998
91.230003
91.599998
91.900002
91.779999
91.470001
92.059998
91.919998
91.949997
91.970001
91.860001
91.750000
91.300003
91.820000
91.570000
90.860001
91.120003
91.370003
90.790001
91.519997
91.529999
90.680000
90.459999
90.379997
90.029999
90.480003
90.089996
90.019997
90.580002
91.019997




































































































