9.460000
11.410000
15.680000
16.940001
16.370001
13.540000
15.370000
10.620000
10.100000
10.100000
10.100000
10.100000
10.100000
10.100000
10.100000
10.100000
10.120000
11.350000
11.350000
11.350000
11.350000
11.350000
11.350000
11.350000
11.350000
11.350000
11.350000
11.350000
11.350000
11.350000
11.350000
11.350000
11.350000
11.350000
11.350000
11.350000
11.350000
11.350000
11.350000
11.350000
11.350000
11.350000
11.350000
11.350000
11.350000
11.350000
11.350000
11.350000
11.350000
11.350000
11.350000
11.350000
11.350000
11.350000
11.350000
11.350000
11.350000
11.350000
11.350000
11.350000
11.350000
11.350000
11.350000
11.350000
11.350000
11.350000
11.350000
11.350000
11.350000
11.350000
11.350000
11.350000
11.350000
11.350000
11.350000
11.350000
11.350000
11.350000
11.350000
11.350000
11.350000
11.350000
11.350000
11.350000
11.350000
11.350000
11.350000
11.350000
11.350000
11.350000
11.350000
11.350000
11.350000
11.350000
11.350000
11.350000
11.350000
11.350000
11.350000
11.350000
