90.570000
94.389999
95.660004
95.980003
96.349998
96.500000
96.690002
96.599998
96.889999
96.889999
97.029999
97.180000
97.070000
97.019997
97.050003
97.309998
97.300003
97.500000
97.500000
97.410004
97.500000
97.430000
97.660004
97.699997
97.629997
97.500000
97.599998
97.620003
97.580002
97.540001
97.610001
97.760002
97.779999
97.709999
97.870003
97.690002
97.610001
97.529999
97.800003
97.769997
97.959999
97.860001
97.699997
97.809998
97.889999
97.660004
97.930000
98.120003
97.940002
98.010002
98.029999
97.980003
98.040001
97.940002
97.940002
98.050003
98.110001
98.000000
98.070000
97.860001
97.879997
98.099998
98.120003
98.110001
98.209999
98.070000
98.070000
98.019997
97.989998
97.860001
97.709999
97.680000
97.839996
97.830002
97.750000
97.739998
97.879997
97.830002
97.919998
97.930000
97.919998
97.970001
97.930000
98.070000
97.980003
98.059998
98.260002
98.040001
97.900002
97.879997
97.730003
97.769997
97.830002
97.889999
97.690002
97.790001
97.849998
97.820000
97.750000
97.779999
