79.089996
85.410004
89.529999
88.110001
91.190002
92.970001
93.669998
93.610001
93.940002
94.029999
94.510002
95.019997
95.050003
95.550003
95.510002
95.570000
95.510002
95.769997
95.529999
95.160004
95.389999
95.430000
95.239998
95.419998
95.500000
95.330002
95.330002
95.239998
95.529999
95.620003
95.800003
95.989998
95.940002
95.309998
95.680000
95.629997
96.070000
96.129997
96.010002
96.389999
96.220001
96.330002
96.410004
96.230003
95.949997
95.989998
96.269997
95.669998
95.839996
95.800003
96.040001
96.160004
96.209999
96.360001
96.330002
96.150002
96.000000
96.040001
96.070000
96.330002
96.410004
96.489998
96.419998
96.620003
96.599998
96.000000
96.379997
96.389999
95.879997
96.330002
96.230003
96.410004
96.260002
96.120003
96.260002
96.400002
96.510002
96.470001
96.250000
96.199997
96.300003
96.360001
96.459999
96.519997
96.489998
96.160004
96.239998
95.599998
95.989998
95.739998
95.849998
96.040001
96.019997
96.410004
96.430000
96.290001
96.239998
96.320000
96.250000
96.290001
