92.410004 
95.599998 
96.489998 
96.720001 
97.080002 
97.279999 
97.419998 
97.540001 
97.570000 
97.690002 
97.750000 
97.849998 
97.849998 
97.940002 
98.129997 
98.160004 
98.180000 
98.239998 
98.239998 
98.199997 
98.300003 
98.430000 
98.370003 
98.330002 
98.470001 
98.489998 
98.500000 
98.459999 
98.480003 
98.489998 
98.639999 
98.610001 
98.580002 
98.610001 
98.589996 
98.730003 
98.589996 
98.669998 
98.620003 
98.580002 
98.660004 
98.699997 
98.660004 
98.650002 
98.669998 
98.650002 
98.620003 
98.680000 
98.720001 
98.620003 
98.639999 
98.769997 
98.760002 
98.750000 
98.750000 
98.830002 
98.820000 
98.839996 
98.820000 
98.830002 
98.760002 
98.739998 
98.769997 
98.779999 
98.839996 
98.849998 
98.809998 
98.779999 
98.809998 
98.769997 
98.809998 
98.769997 
98.889999 
98.820000 
98.849998 
98.820000 
98.839996 
98.820000 
98.820000 
98.870003 
98.870003 
98.779999 
98.919998 
98.900002 
98.860001 
98.860001 
98.830002 
98.930000 
98.889999 
98.830002 
98.809998 
98.900002 
98.830002 
98.830002 
98.839996 
98.870003 
98.860001 
98.860001 
98.809998 
98.809998 
98.879997 
98.900002 
98.839996 
98.820000 
98.959999 
98.900002 
98.900002 
98.959999 
98.940002 
98.889999 
98.930000 
98.959999 
98.940002 
98.879997 
98.889999 
98.970001 
98.940002 
98.940002 
98.940002 
99.000000 
98.889999 
98.900002 
98.889999 
98.889999 
98.870003 
98.930000 
98.930000 
98.940002 
98.949997 
98.980003 
98.919998 
98.940002 
98.959999 
98.919998 
98.989998 
98.900002 
98.940002 
98.919998 
98.919998 
98.900002 
98.889999 
98.900002 
98.830002 
98.860001 
98.889999 
98.959999 
98.970001 
98.940002 
98.959999 
98.930000 
98.980003 
98.970001 
98.949997 
98.919998 
98.989998 
98.940002 
98.900002 
98.860001 
98.919998 
98.930000 
98.910004 
98.930000 
98.889999 
98.940002 
99.000000 
98.949997 
98.900002 
98.910004 
98.959999 
98.930000 
98.879997 
98.949997 
98.930000 
98.919998 
99.000000 
99.000000 
98.970001 
98.919998 
98.959999 
98.959999 
98.989998 
98.930000 
99.040001 
98.940002 
98.980003 
99.029999 
98.970001 
98.980003 
98.989998 
98.970001 
98.980003 
99.019997 
99.010002 
99.019997 
98.989998 
99.010002 
98.940002 
99.000000 
98.910004 
99.040001 
98.959999 
99.000000 
99.040001 
98.949997 
98.949997 
98.919998 
98.949997 
99.019997 
99.019997 
98.940002 
98.959999 
98.970001 
98.989998 
99.040001 
98.949997 
98.970001 
98.959999 
98.900002 
98.959999 
98.959999 
98.930000 
98.940002 
98.980003 
98.989998 
98.970001 
98.989998 
99.040001 
98.989998 
98.949997 
98.970001 
98.879997 
99.029999 
98.930000 
99.000000 
98.989998 
98.989998 
99.010002 
98.980003 
99.050003 
99.019997 
99.019997 
99.010002 
98.919998 
98.959999 
98.959999 
98.980003 
98.930000 
98.970001 
99.059998 
98.989998 
98.980003 
98.989998 
98.989998 
98.949997 
98.900002 
98.949997 
98.959999 
99.000000 
98.980003 
99.029999 
98.970001 
98.940002 
99.000000 
98.949997 
98.959999 
98.940002 
98.879997 
98.989998 
99.019997 
98.940002 
98.980003 
98.919998 
98.900002 
98.860001 
98.919998 
98.930000 
98.910004 
98.930000 
98.889999 
98.940002 
99.000000 
98.949997 
98.900002 
98.910004 
98.959999 
98.930000 
98.879997 
98.949997 
98.930000 
98.919998 
99.000000 
99.000000 
98.970001 
98.919998 
98.959999 
98.959999 
98.989998 
98.930000 
99.040001 
98.940002 
98.980003 
99.029999 
98.970001 
98.980003 
98.989998 
98.970001 
98.980003 
99.019997 
99.010002 
99.019997 
98.989998 
99.010002 
98.940002 
99.000000 
98.910004 
99.040001 
98.959999 
99.000000 
99.040001 
98.949997 
98.949997 
98.919998 
98.949997 
99.019997 
99.019997 
98.940002 
98.959999 
98.970001 
98.989998 
99.040001 
98.949997 
98.970001 
98.959999 
98.900002 
98.959999 
98.959999 
98.930000 
98.940002 
98.980003 
98.989998 
98.970001 
98.989998 
99.040001 
98.989998 
98.949997 
98.970001 
98.879997 
99.029999 
98.930000 
99.000000 
98.989998 
98.989998 
99.010002 
98.980003 
99.050003 
99.019997 
99.019997 
99.010002 
98.919998 
98.959999 
98.959999 
98.980003 
98.930000 
98.970001 
99.059998 
98.989998 
98.980003 
98.989998 
98.989998 
98.949997 
98.900002 
98.949997 
98.959999 
99.000000 
98.980003 
99.029999 
98.970001 
98.940002 
99.000000 
98.949997 
98.959999 
98.940002 
98.879997 
98.989998 
99.019997 
98.940002 
98.980003 
98.919998 
98.900002 
98.860001 
98.919998 
98.930000 
98.910004 
98.930000 
98.889999 
98.940002 
99.000000 
98.949997 
98.900002 
98.910004 
98.959999 
98.930000 
98.879997 
98.949997 
98.930000 
98.919998 
99.000000 
99.000000 
98.970001 
98.919998 
98.959999 
98.959999 
98.989998 
98.930000 
99.040001 
98.940002 
98.980003 
99.029999 
98.970001 
98.980003 
98.989998 
98.970001 
98.980003 
99.019997 
99.010002 
99.019997 
98.989998 
99.010002 
98.940002 
99.000000 
98.910004 
99.040001 
98.959999 
99.000000 
99.040001 
98.949997 
98.949997 
98.919998 
98.949997 
99.019997 
99.019997 
98.940002 
98.959999 
98.970001 
98.989998 
99.040001 
98.949997 
98.970001 
98.959999 
98.900002 
98.959999 
98.959999 
98.930000 
98.940002 
98.980003 
98.989998 
98.970001 
98.989998 
99.040001 
98.989998 
98.949997 
98.970001 
98.879997 
99.029999 
98.930000 
99.000000 
98.989998 
98.989998 
99.010002 
98.980003 
99.050003 
99.019997 
99.019997 
99.010002 
98.919998 
98.959999 
98.959999 
98.980003 
98.930000 
98.970001 
99.059998 
98.989998 
98.980003 
98.989998 
98.989998 
98.949997 
98.900002 
98.949997 
98.959999 
99.000000 
98.980003 
99.029999 
98.970001 
98.940002 
99.000000 
98.949997 
98.959999 
98.940002 
98.879997 
98.989998 
99.019997 
98.940002 
98.980003 
98.919998 
98.900002 
98.860001 
98.919998 
98.930000 
98.910004 
98.930000 
98.889999 
98.940002 
99.000000 
98.949997 
98.900002 
98.910004 
98.959999 
98.930000 
98.879997 
98.949997 
98.930000 
98.919998 
99.000000 
99.000000 
98.970001 
98.919998 
98.959999 
98.959999 
98.989998 
98.930000 
99.040001 
98.940002 
98.980003 
99.029999 
98.970001 
98.980003 
98.989998 
98.970001 
98.980003 
99.019997 
99.010002 
99.019997 
98.989998 
99.010002 
98.940002 
99.000000 
98.910004 
99.040001 
98.959999 
99.000000 
99.040001 
98.949997 
98.949997 
98.919998 
98.949997 
99.019997 
99.019997 
98.940002 
98.959999 
98.970001 
98.989998 
99.040001 
98.949997 
98.970001 
98.959999 
98.900002 
98.959999 
98.959999 
98.930000 
98.940002 
98.980003 
98.989998 
98.970001 
98.989998 
99.040001 
98.989998 
98.949997 
98.970001 
98.879997 
99.029999 
98.930000 
99.000000 
98.989998 
98.989998 
99.010002 
98.980003 
99.050003 
99.019997 
99.019997 
99.010002 
98.919998 
98.959999 
98.959999 
98.980003 
98.930000 
98.970001 
99.059998 
98.989998 
98.980003 
98.989998 
98.989998 
98.949997 
98.900002 
98.949997 
98.959999 
99.000000 
98.980003 
99.029999 
98.970001 
98.940002 
99.000000 
98.949997 
98.959999 
98.940002 
98.879997 
98.989998 
99.019997 
98.940002 
98.980003 
98.919998 
98.900002 
98.860001 
98.919998 
98.930000 
98.910004 
98.930000 
98.889999 
98.940002 
99.000000 
98.949997 
98.900002 
98.910004 
98.959999 
98.930000 
98.879997 
98.949997 
98.930000 
98.919998 
99.000000 
99.000000 
98.970001 
98.919998 
98.959999 
98.959999 
98.989998 
98.930000 
99.040001 
98.940002 
98.980003 
99.029999 
98.970001 
98.980003 
98.989998 
98.970001 
98.980003 
99.019997 
99.010002 
99.019997 
98.989998 
99.010002 
98.940002 
99.000000 
98.910004 
99.040001 
98.959999 
99.000000 
99.040001 
98.949997 
98.949997 
98.919998 
98.949997 
99.019997 
99.019997 
98.940002 
98.959999 
98.970001 
98.989998 
99.040001 
98.949997 
98.970001 
98.959999 
98.900002 
98.959999 
98.959999 
98.930000 
98.940002 
98.980003 
98.989998 
98.970001 
98.989998 
99.040001 
98.989998 
98.949997 
98.970001 
98.879997 
99.029999 
98.930000 
99.000000 
98.989998 
98.989998 
99.010002 
98.980003 
99.050003 
99.019997 
99.019997 
99.010002 
98.919998 
98.959999 
98.959999 
98.980003 
98.930000 
98.970001 
99.059998 
98.989998 
98.980003 
98.989998 
98.989998 
98.949997 
98.900002 
98.949997 
98.959999 
99.000000 
98.980003 
99.029999 
98.970001 
98.940002 
99.000000 
98.949997 
98.959999 
98.940002 
98.879997 
98.989998 
99.019997 
98.940002 
98.980003 
98.919998 
98.900002 
98.860001 
98.919998 
98.930000 
98.910004 
98.930000 
98.889999 
98.940002 
99.000000 
98.949997 
98.900002 
98.910004 
98.959999 
98.930000 
98.879997 
98.949997 
98.930000 
98.919998 
99.000000 
99.000000 
98.970001 
98.919998 
98.959999 
98.959999 
98.989998 
98.930000 
99.040001 
98.940002 
98.980003 
99.029999 
98.970001 
98.980003 
98.989998 
98.970001 
98.980003 
99.019997 
99.010002 
99.019997 
98.989998 
99.010002 
98.940002 
99.000000 
98.910004 
99.040001 
98.959999 
99.000000 
99.040001 
98.949997 
98.949997 
98.919998 
98.949997 
99.019997 
99.019997 
98.940002 
98.959999 
98.970001 
98.989998 
99.040001 
98.949997 
98.970001 
98.959999 
98.900002 
98.959999 
98.959999 
98.930000 
98.940002 
98.980003 
98.989998 
98.970001 
98.989998 
99.040001 
98.989998 
98.949997 
98.970001 
98.879997 
99.029999 
98.930000 
99.000000 
98.989998 
98.989998 
99.010002 
98.980003 
99.050003 
99.019997 
99.019997 
99.010002 
98.919998 
98.959999 
98.959999 
98.980003 
98.930000 
98.970001 
99.059998 
98.989998 
98.980003 
98.989998 
98.989998 
98.949997 
98.900002 
98.949997 
98.959999 
99.000000 
98.980003 
99.029999 
98.970001 
98.940002 
99.000000 
98.949997 
98.959999 
98.940002 
98.879997 
98.989998 
99.019997 
98.940002 
98.980003 
98.919998 
98.900002 
98.860001 
98.919998 
98.930000 
98.910004 
98.930000 
98.889999 
98.940002 
99.000000 
98.949997 
98.900002 
98.910004 
98.959999 
98.930000 
98.879997 
98.949997 
98.930000 
98.919998 
99.000000 
99.000000 
98.970001 
98.919998 
98.959999 
98.959999 
98.989998 
98.930000 
99.040001 
98.940002 
98.980003 
99.029999 
98.970001 
98.980003 
98.989998 
98.970001 
98.980003 
99.019997 
99.010002 
99.019997 
98.989998 
99.010002 
98.940002 
99.000000 
98.910004 
99.040001 
98.959999 
99.000000 
99.040001 
98.949997 
98.949997 
98.919998 
98.949997 
99.019997 
99.019997 
98.940002 
98.959999 
98.970001 
98.989998 
99.040001 
98.949997 
98.970001 
98.959999 
98.900002 
98.959999 
98.959999 
98.930000 
98.940002 
98.980003 
98.989998 
98.970001 
98.989998 
99.040001 
98.989998 
98.949997 
98.970001 
98.879997 
99.029999 
98.930000 
99.000000 
98.989998 
98.989998 
99.010002 
98.980003 
99.050003 
99.019997 
99.019997 
99.010002 
98.919998 
98.959999 
98.959999 
98.980003 
98.930000 
98.970001 
99.059998 
98.989998 
98.980003 
98.989998 
98.989998 
98.949997 
98.900002 
98.949997 
98.959999 
99.000000 
98.980003 
99.029999 
98.970001 
98.940002 
99.000000 
98.949997 
98.959999 
98.940002 
98.879997 
98.989998 
99.019997 
98.940002 
98.980003 
98.919998 
98.989998 
98.980003 
98.989998 
98.989998 
98.949997 
98.900002 
98.949997 
98.959999 
99.000000 
98.980003 
99.029999 
98.970001 
98.940002 
99.000000 
98.949997 
98.959999 
98.940002 
98.879997 
98.989998 
99.019997 
98.940002 
98.980003 
98.919998 
99.000000 
98.949997 
98.959999 
98.940002 
98.879997 
98.989998 
99.019997 
98.940002 
98.980003 
