82.650002 
90.120003 
93.139999 
94.449997 
95.269997 
95.919998 
96.190002 
96.389999 
96.660004 
96.599998 
96.919998 
97.169998 
97.209999 
97.470001 
97.410004 
97.620003 
97.629997 
97.809998 
97.820000 
97.959999 
98.010002 
97.940002 
97.959999 
98.059998 
98.099998 
98.000000 
98.290001 
98.250000 
98.370003 
98.349998 
98.349998 
98.339996 
98.320000 
98.330002 
98.410004 
98.410004 
98.470001 
98.500000 
98.449997 
98.510002 
98.519997 
98.639999 
98.650002 
98.650002 
98.559998 
98.669998 
98.690002 
98.610001 
98.699997 
98.620003 
98.650002 
98.639999 
98.669998 
98.680000 
98.610001 
98.660004 
98.669998 
98.769997 
98.760002 
98.760002 
98.769997 
98.809998 
98.830002 
98.889999 
98.750000 
98.680000 
98.779999 
98.860001 
98.889999 
98.769997 
98.730003 
98.889999 
98.830002 
98.830002 
98.790001 
98.750000 
98.750000 
98.870003 
98.820000 
98.809998 
98.889999 
98.889999 
98.820000 
98.870003 
98.860001 
98.900002 
98.870003 
98.900002 
98.849998 
98.949997 
98.949997 
98.879997 
98.940002 
98.879997 
98.940002 
98.970001 
98.940002 
98.860001 
98.919998 
98.959999 
98.860001 
98.930000 
98.980003 
98.980003 
98.989998 
98.910004 
98.919998 
98.910004 
98.940002 
98.949997 
98.830002 
98.919998 
98.989998 
98.910004 
98.910004 
98.940002 
98.910004 
98.879997 
98.889999 
98.879997 
98.959999 
98.919998 
98.910004 
98.959999 
98.949997 
98.930000 
98.949997 
98.949997 
98.949997 
98.980003 
99.000000 
99.010002 
99.029999 
98.949997 
99.019997 
99.010002 
98.980003 
98.940002 
98.930000 
99.040001 
99.050003 
99.010002 
98.980003 
98.970001 
98.989998 
98.940002 
98.919998 
98.930000 
98.959999 
99.010002 
98.959999 
99.019997 
99.000000 
98.949997 
99.010002 
99.010002 
98.970001 
99.050003 
98.959999 
98.989998 
99.050003 
99.010002 
99.059998 
99.010002 
99.019997 
99.040001 
98.989998 
99.040001 
98.959999 
99.029999 
99.080002 
99.070000 
99.010002 
99.010002 
98.989998 
98.959999 
99.000000 
99.029999 
99.059998 
99.010002 
98.989998 
99.010002 
98.949997 
99.010002 
99.010002 
99.099998 
99.110001 
99.029999 
99.040001 
99.019997 
99.050003 
99.029999 
99.040001 
99.120003 
98.989998 
99.029999 
99.040001 
99.040001 
99.029999 
99.050003 
99.050003 
99.059998 
99.070000 
99.059998 
99.089996 
99.010002 
99.070000 
99.050003 
99.010002 
98.980003 
99.019997 
99.050003 
98.989998 
99.000000 
98.959999 
99.019997 
99.000000 
99.010002 
99.010002 
99.010002 
99.000000 
99.019997 
98.980003 
98.980003 
99.000000 
99.029999 
98.989998 
99.050003 
99.029999 
99.019997 
99.059998 
99.050003 
99.050003 
99.080002 
99.019997 
99.129997 
99.050003 
99.120003 
99.080002 
99.059998 
99.040001 
99.029999 
99.070000 
99.070000 
98.970001 
99.029999 
99.089996 
99.089996 
99.099998 
99.080002 
99.050003 
99.040001 
99.070000 
99.059998 
99.080002 
99.070000 
98.989998 
99.029999 
99.010002 
99.029999 
99.029999 
99.040001 
99.080002 
99.029999 
99.050003 
99.080002 
99.019997 
99.010002 
99.070000 
99.050003 
99.160004 
99.070000 
99.070000 
99.029999 
99.059998 
99.010002 
99.089996 
99.099998 
99.080002 
99.160004 
99.120003 
99.129997 
99.089996 
99.070000 
99.070000 
99.080002 
99.029999 
99.059998 
99.110001 
99.050003 
99.059998 
99.059998 
99.070000 
99.040001 
99.110001 
99.050003 
99.080002 
99.080002 
99.080002 
99.099998 
99.070000 
99.099998 
99.080002 
99.029999 
99.050003 
99.040001 
99.050003 
99.070000 
99.080002 
99.070000 
99.139999 
99.070000 
99.059998 
99.129997 
99.110001 
99.089996 
99.080002 
99.089996 
99.120003 
99.070000 
99.029999 
99.040001 
99.139999 
99.139999 
99.099998 
99.080002 
99.080002 
99.169998 
99.089996 
99.070000 
99.129997 
99.070000 
99.089996 
99.120003 
99.089996 
99.110001 
99.150002 
99.160004 
99.150002 
99.120003 
99.089996 
99.110001 
99.139999 
99.169998 
99.120003 
99.180000 
99.180000 
99.099998 
99.089996 
99.120003 
99.180000 
99.139999 
99.190002 
99.139999 
99.190002 
99.110001 
99.180000 
99.120003 
99.180000 
99.160004 
99.160004 
99.099998 
99.080002 
99.110001 
99.110001 
99.139999 
99.110001 
99.139999 
99.110001 
99.129997 
99.070000 
99.099998 
99.120003 
99.089996 
99.110001 
99.120003 
99.110001 
99.080002 
99.160004 
99.150002 
99.160004 
99.110001 
99.139999 
99.129997 
99.160004 
99.050003 
99.059998 
99.129997 
99.150002 
99.110001 
99.099998 
99.120003 
99.110001 
99.080002 
99.139999 
99.139999 
99.099998 
99.099998 
99.129997 
99.110001 
99.120003 
99.110001 
99.120003 
99.080002 
99.059998 
99.120003 
99.099998 
99.129997 
99.120003 
99.120003 
99.110001 
99.160004 
99.160004 
99.169998 
99.139999 
99.110001 
99.089996 
99.129997 
99.089996 
99.120003 
99.110001 
99.089996 
99.120003 
99.120003 
99.129997 
99.129997 
99.099998 
99.120003 
99.129997 
99.180000 
99.150002 
99.160004 
99.080002 
99.129997 
99.150002 
99.160004 
99.139999 
99.129997 
99.160004 
99.160004 
99.129997 
99.099998 
99.110001 
99.050003 
99.089996 
99.139999 
99.129997 
99.089996 
99.080002 
99.089996 
99.139999 
99.160004 
99.110001 
99.050003 
99.089996 
99.070000 
99.139999 
99.099998 
99.169998 
99.110001 
99.080002 
99.099998 
99.110001 
99.110001 
99.080002 
99.120003 
99.080002 
99.120003 
99.089996 
99.080002 
99.139999 
99.160004 
99.110001 
99.110001 
99.129997 
99.099998 
99.120003 
99.089996 
99.050003 
99.050003 
99.050003 
99.059998 
99.059998 
99.050003 
99.070000 
99.040001 
99.080002 
99.070000 
99.080002 
99.070000 
99.070000 
99.080002 
99.120003 
99.129997 
99.089996 
99.099998 
99.040001 
99.099998 
99.059998 
99.139999 
99.059998 
99.120003 
99.089996 
99.110001 
99.120003 
99.129997 
99.080002 
99.120003 
99.099998 
99.169998 
99.139999 
99.169998 
99.169998 
99.129997 
99.169998 
99.080002 
99.129997 
99.169998 
99.099998 
99.080002 
99.160004 
99.099998 
99.110001 
99.089996 
99.110001 
99.099998 
99.099998 
99.120003 
99.089996 
99.089996 
99.050003 
99.070000 
99.050003 
99.059998 
99.099998 
99.099998 
99.120003 
99.110001 
99.099998 
99.129997 
99.040001 
99.040001 
99.129997 
99.190002 
99.070000 
99.129997 
99.139999 
99.089996 
99.080002 
99.110001 
99.099998 
99.099998 
99.089996 
99.070000 
99.110001 
99.040001 
99.110001 
99.110001 
99.059998 
99.050003 
99.110001 
99.070000 
99.089996 
99.110001 
99.080002 
99.089996 
99.160004 
99.160004 
99.080002 
99.099998 
99.050003 
99.059998 
99.070000 
99.139999 
99.169998 
99.139999 
99.080002 
99.110001 
99.169998 
99.160004 
99.169998 
99.150002 
99.080002 
99.129997 
99.129997 
99.139999 
99.160004 
99.129997 
99.160004 
99.209999 
99.160004 
99.180000 
99.150002 
99.160004 
99.129997 
99.150002 
99.059998 
99.070000 
99.129997 
99.160004 
99.120003 
99.129997 
99.180000 
99.129997 
99.139999 
99.129997 
99.120003 
99.150002 
99.169998 
99.110001 
99.139999 
99.120003 
99.129997 
99.120003 
99.139999 
99.099998 
99.110001 
99.150002 
99.120003 
99.120003 
99.129997 
99.150002 
99.080002 
99.180000 
99.139999 
99.190002 
99.160004 
99.129997 
99.110001 
99.129997 
99.110001 
99.110001 
99.080002 
99.129997 
99.120003 
99.120003 
99.089996 
99.089996 
99.099998 
99.010002 
99.110001 
99.070000 
99.059998 
99.080002 
99.110001 
99.129997 
99.150002 
99.099998 
99.110001 
99.120003 
99.129997 
99.089996 
99.099998 
99.070000 
99.129997 
99.180000 
99.150002 
99.089996 
99.059998 
99.150002 
99.080002 
99.089996 
99.129997 
99.050003 
99.120003 
99.129997 
99.160004 
99.110001 
99.089996 
99.129997 
99.129997 
99.099998 
99.129997 
99.120003 
99.120003 
99.129997 
99.120003 
99.150002 
99.070000 
99.099998 
99.089996 
99.059998 
99.110001 
99.070000 
99.110001 
99.099998 
99.110001 
99.110001 
99.089996 
99.089996 
99.120003 
99.199997 
99.110001 
99.180000 
99.150002 
99.080002 
99.139999 
99.199997 
99.150002 
99.169998 
99.139999 
99.180000 
99.129997 
99.150002 
99.129997 
99.129997 
99.110001 
99.110001 
99.120003 
99.150002 
99.110001 
99.070000 
99.099998 
99.129997 
99.099998 
99.089996 
99.120003 
99.110001 
99.080002 
99.110001 
99.169998 
99.139999 
99.110001 
99.160004 
99.110001 
99.080002 
99.139999 
99.150002 
99.120003 
99.150002 
99.120003 
99.150002 
99.110001 
99.120003 
99.190002 
99.139999 
99.139999 
99.120003 
99.099998 
99.180000 
99.099998 
99.150002 
99.169998 
99.199997 
99.150002 
99.150002 
99.190002 
99.180000 
99.190002 
99.129997 
99.180000 
99.150002 
99.169998 
99.209999 
99.150002 
99.120003 
99.120003 
99.099998 
99.160004 
99.160004 
99.150002 
99.120003 
99.120003 
99.150002 
99.169998 
99.129997 
99.099998 
99.120003 
99.180000 
99.110001 
99.070000 
99.110001 
99.139999 
99.089996 
99.160004 
99.070000 
99.150002 
99.139999 
99.180000 
99.169998 
99.120003 
99.139999 
99.160004 
99.139999 
99.120003 
99.120003 
99.110001 
99.120003 
99.129997 
99.190002 
99.160004 
99.110001 
99.139999 
99.129997 
99.160004 
99.169998 
99.160004 
99.150002 
99.169998 
99.180000 
99.190002 
99.190002 
99.160004 
99.139999 
99.160004 
99.150002 
99.150002 
99.180000 
99.150002 
99.190002 
99.199997 
99.209999 
99.180000 
99.160004 
99.209999 
99.180000 
99.190002 
99.160004 
99.169998 
99.150002 
99.180000 
99.180000 
99.139999 
99.199997 
99.180000 
99.160004 
99.120003 
99.180000 
99.150002 
99.150002 
99.129997 
99.169998 
99.139999 
99.099998 
99.190002 
99.139999 
99.129997 
99.150002 
99.139999 
99.150002 
99.089996 
99.080002 
99.180000 
99.120003 
99.160004 
99.160004 
99.139999 
99.160004 
99.150002 
99.190002 
99.150002 
99.139999 
99.180000 
99.190002 
99.190002 
99.160004 
99.190002 
99.169998 
99.139999 
99.180000 
99.209999 
99.180000 
99.150002 
99.180000 
99.110001 
99.180000 
99.169998 
99.139999 
99.139999 
99.150002 
99.160004 
99.099998 
99.150002 
99.139999 
99.110001 
99.139999 
99.129997 
99.169998 
99.169998 
99.139999 
99.110001 
99.169998 
99.169998 
99.129997 
99.139999 
99.099998 
99.139999 
99.169998 
99.089996 
99.150002 
99.129997 
99.160004 
99.139999 
99.190002 
99.139999 
99.150002 
99.150002 
99.160004 
99.110001 
99.120003 
99.129997 
99.120003 
99.139999 
99.160004 
99.110001 
99.099998 
99.099998 
99.120003 
99.180000 
99.129997 
99.169998 
99.150002 
99.129997 
99.129997 
99.160004 
99.110001 
99.080002 
99.199997 
99.110001 
99.120003 
99.120003 
99.139999 
99.180000 
99.099998 
99.169998 
99.199997 
99.220001 
99.139999 
99.160004 
99.110001 
99.150002 
99.099998 
99.180000 
99.150002 
99.180000 
99.180000 
99.160004 
99.199997 
99.160004 
99.209999 
99.129997 
99.070000 
99.150002 
99.180000 
99.199997 
99.239998 
99.199997 
99.169998 
99.120003 
99.169998 
99.150002 
99.169998 
99.180000 
99.169998 
99.110001 
99.139999 
99.150002 
99.129997 
99.160004 
99.190002 
99.129997 
99.199997 
99.209999 
99.169998 
99.180000 
99.180000 
99.160004 
99.199997 
99.160004 
99.199997 
99.180000 
99.190002 
99.180000 
99.180000 
99.169998 
99.199997 
99.120003 
99.169998 
99.120003 
99.160004 
99.160004 
99.169998 
99.220001 
99.160004 
99.180000 
99.129997 
99.139999 
99.220001 
99.190002 
99.180000 
99.190002 
99.129997 
99.080002 
99.160004 
99.160004 
99.180000 
99.190002 
99.199997 
99.169998 
99.139999 
