18.780001 
32.150002 
46.700001 
52.540001 
58.259998 
67.540001 
74.669998 
80.879997 
83.589996 
85.370003 
86.680000 
87.739998 
88.150002 
89.000000 
89.589996 
89.830002 
90.379997 
90.690002 
90.790001 
91.320000 
91.559998 
91.940002 
91.989998 
92.320000 
92.330002 
92.739998 
92.889999 
93.010002 
93.169998 
93.279999 
93.379997 
93.459999 
93.510002 
93.709999 
93.849998 
93.879997 
93.970001 
94.040001 
94.309998 
94.349998 
94.220001 
94.419998 
94.459999 
94.589996 
94.620003 
94.639999 
94.690002 
94.760002 
94.760002 
94.730003 
94.870003 
95.029999 
95.000000 
95.099998 
95.139999 
95.190002 
95.239998 
95.300003 
95.269997 
95.300003 
95.419998 
95.480003 
95.470001 
95.550003 
95.459999 
95.620003 
95.570000 
95.580002 
95.620003 
95.660004 
95.669998 
95.779999 
95.809998 
95.690002 
95.750000 
95.839996 
95.910004 
95.879997 
95.860001 
95.949997 
96.000000 
96.070000 
96.040001 
96.080002 
96.080002 
96.070000 
96.040001 
96.040001 
96.150002 
96.209999 
96.220001 
96.269997 
96.230003 
96.230003 
96.309998 
96.330002 
96.330002 
96.379997 
96.379997 
96.339996 
96.379997 
96.440002 
96.440002 
96.500000 
96.510002 
96.500000 
96.489998 
96.480003 
96.480003 
96.599998 
96.540001 
96.580002 
96.559998 
96.629997 
96.699997 
96.680000 
96.580002 
96.739998 
96.690002 
96.660004 
96.680000 
96.680000 
96.750000 
96.750000 
96.839996 
96.820000 
96.870003 
96.839996 
96.830002 
96.849998 
96.849998 
96.879997 
96.839996 
96.940002 
96.889999 
96.949997 
96.889999 
96.930000 
96.980003 
96.930000 
96.930000 
96.930000 
97.010002 
97.000000 
97.059998 
96.980003 
96.989998 
97.040001 
97.029999 
97.150002 
97.139999 
97.160004 
97.150002 
97.160004 
97.110001 
97.180000 
97.169998 
97.120003 
97.220001 
97.199997 
97.169998 
97.199997 
97.160004 
97.269997 
97.250000 
97.239998 
97.300003 
97.239998 
97.379997 
97.300003 
97.220001 
97.279999 
97.330002 
97.330002 
97.370003 
97.379997 
97.410004 
97.309998 
97.309998 
97.339996 
97.300003 
97.389999 
97.459999 
97.389999 
97.360001 
97.410004 
97.430000 
97.419998 
97.430000 
97.410004 
97.430000 
97.440002 
97.449997 
97.529999 
97.419998 
97.480003 
97.430000 
97.500000 
97.470001 
97.480003 
97.440002 
97.440002 
97.519997 
97.489998 
97.510002 
97.529999 
97.480003 
97.510002 
97.470001 
97.489998 
97.519997 
97.559998 
97.559998 
97.519997 
97.540001 
97.440002 
97.510002 
97.570000 
97.559998 
97.559998 
97.599998 
97.620003 
97.550003 
97.639999 
97.550003 
97.570000 
97.589996 
97.599998 
97.650002 
97.669998 
97.639999 
97.629997 
97.639999 
97.620003 
97.570000 
97.639999 
97.580002 
97.680000 
97.629997 
97.699997 
97.629997 
97.650002 
97.620003 
97.739998 
97.680000 
97.699997 
97.750000 
97.720001 
97.739998 
97.699997 
97.720001 
97.760002 
97.690002 
97.669998 
97.660004 
97.699997 
97.709999 
97.699997 
97.760002 
97.750000 
97.769997 
97.760002 
97.769997 
97.800003 
97.779999 
97.830002 
97.820000 
97.809998 
97.820000 
97.760002 
97.809998 
97.730003 
97.839996 
97.830002 
97.870003 
97.849998 
97.820000 
97.830002 
97.830002 
97.839996 
97.790001 
97.820000 
97.820000 
97.820000 
97.860001 
97.809998 
97.849998 
97.860001 
97.860001 
97.889999 
97.889999 
97.919998 
97.879997 
97.839996 
97.900002 
97.910004 
97.839996 
97.860001 
97.860001 
97.849998 
97.900002 
97.870003 
97.879997 
97.870003 
97.849998 
97.930000 
97.910004 
97.900002 
97.930000 
97.970001 
97.980003 
97.959999 
97.940002 
97.970001 
97.910004 
97.980003 
97.910004 
97.900002 
97.900002 
97.930000 
97.910004 
97.940002 
97.970001 
97.980003 
97.940002 
97.930000 
97.949997 
98.000000 
97.980003 
97.900002 
97.970001 
97.970001 
97.919998 
97.940002 
97.980003 
97.949997 
98.000000 
98.019997 
97.919998 
97.980003 
98.089996 
97.989998 
98.050003 
97.930000 
98.029999 
97.940002 
97.989998 
98.010002 
97.910004 
97.940002 
97.959999 
97.959999 
97.980003 
98.059998 
98.019997 
98.129997 
98.080002 
98.059998 
98.099998 
98.080002 
98.099998 
98.040001 
98.050003 
98.120003 
98.099998 
98.040001 
98.089996 
98.120003 
98.059998 
98.139999 
98.070000 
98.120003 
98.099998 
98.059998 
98.139999 
98.099998 
98.099998 
98.110001 
98.160004 
98.089996 
98.120003 
98.150002 
98.160004 
98.199997 
98.160004 
98.180000 
98.099998 
98.160004 
98.120003 
98.120003 
98.110001 
98.129997 
98.169998 
98.190002 
98.150002 
98.139999 
98.209999 
98.199997 
98.239998 
98.209999 
98.220001 
98.190002 
98.150002 
98.180000 
98.199997 
98.190002 
98.209999 
98.199997 
98.180000 
98.190002 
98.250000 
98.250000 
98.150002 
98.250000 
98.190002 
98.190002 
98.150002 
98.190002 
98.150002 
98.169998 
98.279999 
98.180000 
98.180000 
98.269997 
98.260002 
98.239998 
98.269997 
98.269997 
98.290001 
98.180000 
98.180000 
98.220001 
98.260002 
98.250000 
98.290001 
98.279999 
98.290001 
98.239998 
98.239998 
98.279999 
98.250000 
98.239998 
98.279999 
98.300003 
98.279999 
98.279999 
98.269997 
98.300003 
98.279999 
98.290001 
98.309998 
98.339996 
98.279999 
98.250000 
98.290001 
98.250000 
98.300003 
98.320000 
98.230003 
98.260002 
98.290001 
98.309998 
98.309998 
98.230003 
98.300003 
98.290001 
98.250000 
98.309998 
98.260002 
98.349998 
98.279999 
98.250000 
98.260002 
98.309998 
98.290001 
98.279999 
98.330002 
98.300003 
98.269997 
98.279999 
98.370003 
98.379997 
98.320000 
98.349998 
98.370003 
98.260002 
98.330002 
98.360001 
98.269997 
98.339996 
98.279999 
98.349998 
98.320000 
98.300003 
98.309998 
98.339996 
98.320000 
98.309998 
98.300003 
98.290001 
98.349998 
98.349998 
98.349998 
98.339996 
98.320000 
98.360001 
98.330002 
98.370003 
98.339996 
98.279999 
98.290001 
98.300003 
98.370003 
98.370003 
98.339996 
98.330002 
98.330002 
98.309998 
98.459999 
98.389999 
98.320000 
98.389999 
98.440002 
98.379997 
98.360001 
98.370003 
98.410004 
98.400002 
98.440002 
98.410004 
98.339996 
98.389999 
98.419998 
98.389999 
98.389999 
98.379997 
98.389999 
98.419998 
98.430000 
98.400002 
98.370003 
98.379997 
98.419998 
98.430000 
98.419998 
98.449997 
98.379997 
98.360001 
98.430000 
98.370003 
98.400002 
98.400002 
98.430000 
98.389999 
98.410004 
98.419998 
98.430000 
98.419998 
98.440002 
98.410004 
98.440002 
98.419998 
98.400002 
98.360001 
98.410004 
98.430000 
98.400002 
98.410004 
98.430000 
98.449997 
98.379997 
98.440002 
98.410004 
98.360001 
98.440002 
98.459999 
98.480003 
98.480003 
98.430000 
98.459999 
98.379997 
98.500000 
98.500000 
98.470001 
98.459999 
98.500000 
98.419998 
98.519997 
98.480003 
98.480003 
98.389999 
98.519997 
98.480003 
98.480003 
98.449997 
98.419998 
98.470001 
98.440002 
98.449997 
98.529999 
98.470001 
98.470001 
98.500000 
98.519997 
98.459999 
98.459999 
98.540001 
98.489998 
98.510002 
98.480003 
98.500000 
98.519997 
98.489998 
98.379997 
98.379997 
98.540001 
98.459999 
98.500000 
98.519997 
98.500000 
98.580002 
98.519997 
98.470001 
98.430000 
98.529999 
98.489998 
98.519997 
98.440002 
98.500000 
98.459999 
98.489998 
98.550003 
98.480003 
98.470001 
98.480003 
98.419998 
98.410004 
98.389999 
98.449997 
98.489998 
98.559998 
98.510002 
98.519997 
98.559998 
98.550003 
98.610001 
98.519997 
98.500000 
98.510002 
98.489998 
98.440002 
98.500000 
98.480003 
98.480003 
98.500000 
98.440002 
98.470001 
98.540001 
98.540001 
98.519997 
98.510002 
98.559998 
98.529999 
98.570000 
98.570000 
98.540001 
98.580002 
98.559998 
98.580002 
98.519997 
98.529999 
98.550003 
98.559998 
98.519997 
98.580002 
98.570000 
98.629997 
98.599998 
98.559998 
98.510002 
98.559998 
98.589996 
98.440002 
98.449997 
98.519997 
98.589996 
98.510002 
98.510002 
98.540001 
98.570000 
98.519997 
98.529999 
98.580002 
98.610001 
98.529999 
98.570000 
98.470001 
98.599998 
98.559998 
98.559998 
98.570000 
98.550003 
98.610001 
98.589996 
98.510002 
98.529999 
98.620003 
98.529999 
98.519997 
98.570000 
98.510002 
98.550003 
98.589996 
98.550003 
98.620003 
98.570000 
98.570000 
98.559998 
98.529999 
98.550003 
98.580002 
98.529999 
98.550003 
98.580002 
98.599998 
98.529999 
98.589996 
98.629997 
98.610001 
98.510002 
98.580002 
98.589996 
98.660004 
98.639999 
98.599998 
98.489998 
98.550003 
98.510002 
98.550003 
98.559998 
98.589996 
98.610001 
98.629997 
98.629997 
98.610001 
98.559998 
98.580002 
98.629997 
98.610001 
98.599998 
98.570000 
98.629997 
98.610001 
98.570000 
98.570000 
98.580002 
98.620003 
98.599998 
98.580002 
98.589996 
98.620003 
98.580002 
98.610001 
98.639999 
98.660004 
98.620003 
98.660004 
98.610001 
98.589996 
98.650002 
98.669998 
98.629997 
98.639999 
98.650002 
98.599998 
98.660004 
98.650002 
98.629997 
98.599998 
98.660004 
98.660004 
98.639999 
98.669998 
98.599998 
98.620003 
98.580002 
98.589996 
98.599998 
98.610001 
98.639999 
98.610001 
98.610001 
98.589996 
98.610001 
98.629997 
98.669998 
98.599998 
98.589996 
98.580002 
98.580002 
98.589996 
98.610001 
98.629997 
98.669998 
98.639999 
98.669998 
98.629997 
98.610001 
98.610001 
98.629997 
98.620003 
98.639999 
98.680000 
98.599998 
98.599998 
98.690002 
98.629997 
98.589996 
98.629997 
98.589996 
98.629997 
98.620003 
98.669998 
98.680000 
98.690002 
98.690002 
98.669998 
98.709999 
98.669998 
98.720001 
98.660004 
98.629997 
98.650002 
98.620003 
98.690002 
98.650002 
98.650002 
98.629997 
98.669998 
98.629997 
98.690002 
98.629997 
98.599998 
98.650002 
98.599998 
98.639999 
98.629997 
98.650002 
98.709999 
98.650002 
98.680000 
98.650002 
98.709999 
98.629997 
98.680000 
98.669998 
98.699997 
98.660004 
98.660004 
98.650002 
98.660004 
98.680000 
98.669998 
98.680000 
98.660004 
98.669998 
98.709999 
98.680000 
98.709999 
98.629997 
98.660004 
98.639999 
98.660004 
98.660004 
98.669998 
98.650002 
98.650002 
98.680000 
98.660004 
98.660004 
98.639999 
98.660004 
98.629997 
98.690002 
98.680000 
98.699997 
98.699997 
98.720001 
98.709999 
98.739998 
98.720001 
98.699997 
98.699997 
98.680000 
98.680000 
98.669998 
98.720001 
98.709999 
98.680000 
98.720001 
98.620003 
98.699997 
98.650002 
98.680000 
98.599998 
98.650002 
98.639999 
98.629997 
98.690002 
98.650002 
98.680000 
98.650002 
98.690002 
98.669998 
98.750000 
98.720001 
98.610001 
98.699997 
98.610001 
98.589996 
98.599998 
98.589996 
98.620003 
98.690002 
98.650002 
98.660004 
98.730003 
98.699997 
98.730003 
98.639999 
98.730003 
98.650002 
98.690002 
98.709999 
98.669998 
98.699997 
98.690002 
98.660004 
98.660004 
98.690002 
98.650002 
98.639999 
98.709999 
98.690002 
98.660004 
98.620003 
98.680000 
98.620003 
98.629997 
98.580002 
98.589996 
98.639999 
98.580002 
98.660004 
98.629997 
98.610001 
98.620003 
98.669998 
98.660004 
98.709999 
98.699997 
98.660004 
98.720001 
98.589996 
98.650002 
98.559998 
98.650002 
98.570000 
98.580002 
98.639999 
98.639999 
98.690002 
98.690002 
98.629997 
98.699997 
98.680000 
98.639999 
98.650002 
98.699997 
98.660004 
98.629997 
98.739998 
98.750000 
98.709999 
98.720001 
98.650002 
98.699997 
98.699997 
98.660004 
98.610001 
98.639999 
98.680000 
98.690002 
98.709999 
98.690002 
98.660004 
98.639999 
98.690002 
98.650002 
98.680000 
