14.290000 
15.500000 
16.450001 
17.350000 
18.330000 
20.120001 
23.110001 
26.480000 
29.879999 
34.099998 
38.509998 
44.119999 
50.720001 
54.130001 
57.209999 
60.939999 
62.230000 
63.290001 
64.440002 
65.180000 
66.760002 
68.680000 
69.330002 
69.839996 
71.120003 
71.360001 
72.519997 
73.449997 
74.540001 
75.820000 
76.580002 
76.669998 
77.129997 
78.180000 
79.029999 
79.930000 
80.180000 
80.949997 
82.019997 
82.449997 
82.790001 
82.989998 
83.500000 
83.610001 
84.070000 
84.709999 
85.169998 
85.570000 
85.639999 
86.139999 
85.949997 
86.830002 
86.739998 
86.860001 
87.389999 
87.660004 
87.779999 
87.870003 
88.120003 
88.400002 
88.760002 
88.809998 
88.849998 
89.239998 
89.330002 
89.230003 
89.250000 
89.550003 
89.519997 
89.720001 
89.779999 
89.779999 
89.790001 
89.980003 
90.070000 
90.139999 
90.290001 
90.470001 
90.419998 
90.379997 
90.370003 
90.559998 
90.739998 
90.690002 
90.910004 
91.059998 
90.860001 
91.040001 
91.199997 
91.150002 
91.290001 
91.190002 
91.540001 
91.379997 
91.629997 
91.610001 
91.500000 
91.860001 
91.860001 
91.650002 
91.970001 
91.980003 
92.019997 
92.080002 
92.029999 
92.070000 
92.169998 
92.080002 
92.089996 
92.199997 
92.250000 
92.320000 
92.389999 
92.449997 
92.400002 
92.389999 
92.529999 
92.449997 
92.559998 
92.669998 
92.580002 
92.669998 
92.680000 
92.720001 
92.739998 
92.820000 
93.010002 
92.959999 
93.000000 
92.970001 
93.019997 
93.080002 
93.220001 
93.169998 
93.120003 
93.160004 
93.250000 
93.320000 
93.389999 
93.199997 
93.300003 
93.410004 
93.470001 
93.470001 
93.389999 
93.440002 
93.449997 
93.480003 
93.580002 
93.510002 
93.660004 
93.580002 
93.610001 
93.660004 
93.669998 
93.739998 
93.820000 
93.709999 
93.839996 
93.779999 
93.809998 
93.849998 
93.839996 
93.919998 
93.910004 
93.930000 
93.940002 
94.040001 
93.959999 
94.010002 
94.050003 
94.040001 
93.989998 
94.099998 
94.129997 
94.150002 
94.160004 
94.209999 
94.160004 
94.290001 
94.250000 
94.290001 
94.370003 
94.309998 
94.349998 
94.330002 
94.360001 
94.430000 
94.349998 
94.389999 
94.480003 
94.339996 
94.419998 
94.550003 
94.410004 
94.540001 
94.459999 
94.660004 
94.650002 
94.599998 
94.669998 
94.660004 
94.610001 
94.709999 
94.669998 
94.720001 
94.809998 
94.800003 
94.889999 
94.800003 
94.800003 
94.739998 
94.830002 
94.839996 
94.919998 
94.970001 
94.930000 
94.980003 
94.970001 
94.959999 
95.059998 
94.970001 
95.070000 
94.970001 
95.059998 
95.000000 
95.150002 
95.010002 
95.070000 
95.089996 
95.050003 
95.190002 
95.040001 
95.160004 
95.230003 
95.180000 
95.110001 
95.139999 
95.190002 
95.190002 
95.230003 
95.230003 
95.220001 
95.209999 
95.199997 
95.120003 
95.250000 
95.260002 
95.309998 
95.309998 
95.269997 
95.360001 
95.400002 
95.370003 
95.389999 
95.410004 
95.349998 
95.440002 
95.419998 
95.389999 
95.400002 
95.410004 
95.410004 
95.410004 
95.449997 
95.540001 
95.480003 
95.529999 
95.440002 
95.470001 
95.440002 
95.540001 
95.489998 
95.540001 
95.570000 
95.519997 
95.550003 
95.500000 
95.540001 
95.589996 
95.529999 
95.620003 
95.699997 
95.629997 
95.580002 
95.589996 
95.620003 
95.599998 
95.639999 
95.690002 
95.610001 
95.690002 
95.639999 
95.650002 
95.739998 
95.709999 
95.720001 
95.750000 
95.699997 
95.699997 
95.760002 
95.800003 
95.800003 
95.750000 
95.790001 
95.849998 
95.830002 
95.860001 
95.769997 
95.839996 
95.870003 
95.860001 
95.900002 
95.900002 
95.919998 
95.930000 
95.930000 
95.919998 
95.889999 
95.949997 
95.940002 
95.980003 
95.959999 
95.949997 
96.040001 
96.000000 
96.070000 
95.980003 
96.070000 
95.970001 
96.010002 
95.989998 
96.019997 
96.029999 
96.080002 
96.089996 
96.110001 
96.089996 
96.120003 
96.070000 
96.139999 
96.160004 
96.160004 
96.120003 
96.099998 
96.199997 
96.169998 
96.160004 
96.050003 
96.150002 
96.169998 
96.190002 
96.180000 
96.209999 
96.209999 
96.199997 
96.260002 
96.250000 
96.320000 
96.209999 
96.260002 
96.230003 
96.290001 
96.320000 
96.260002 
96.230003 
96.349998 
96.339996 
96.360001 
96.300003 
96.379997 
96.269997 
96.300003 
96.330002 
96.320000 
96.389999 
96.349998 
96.370003 
96.360001 
96.419998 
96.309998 
96.360001 
96.360001 
96.430000 
96.379997 
96.330002 
96.410004 
96.449997 
96.480003 
96.389999 
96.360001 
96.449997 
96.430000 
96.459999 
96.449997 
96.419998 
96.489998 
96.459999 
96.480003 
96.459999 
96.480003 
96.500000 
96.489998 
96.519997 
96.510002 
96.519997 
96.519997 
96.489998 
96.510002 
96.529999 
96.550003 
96.540001 
96.529999 
96.570000 
96.500000 
96.550003 
96.570000 
96.550003 
96.580002 
96.629997 
96.620003 
96.599998 
96.639999 
96.610001 
96.660004 
96.580002 
96.650002 
96.589996 
96.589996 
96.599998 
96.629997 
96.639999 
96.669998 
96.639999 
96.669998 
96.760002 
96.769997 
96.730003 
96.760002 
96.769997 
96.650002 
96.709999 
96.699997 
96.720001 
96.730003 
96.690002 
96.779999 
96.750000 
96.730003 
96.790001 
96.760002 
96.720001 
96.750000 
96.750000 
96.760002 
96.769997 
96.790001 
96.830002 
96.790001 
96.739998 
96.760002 
96.779999 
96.820000 
96.779999 
96.809998 
96.889999 
96.919998 
96.739998 
96.820000 
96.860001 
96.910004 
96.900002 
96.790001 
96.910004 
96.930000 
96.739998 
96.830002 
96.949997 
96.989998 
96.879997 
96.849998 
96.949997 
96.830002 
96.809998 
96.849998 
96.849998 
96.830002 
96.830002 
96.889999 
96.970001 
96.889999 
96.910004 
96.970001 
96.949997 
96.959999 
97.000000 
96.949997 
97.000000 
96.959999 
96.930000 
96.930000 
97.050003 
97.040001 
96.980003 
96.930000 
96.989998 
96.970001 
97.059998 
97.019997 
97.029999 
97.029999 
97.029999 
97.010002 
97.070000 
97.010002 
97.029999 
97.029999 
97.010002 
97.050003 
96.970001 
97.080002 
97.160004 
97.019997 
96.980003 
97.050003 
97.070000 
97.050003 
97.070000 
97.010002 
97.080002 
97.089996 
97.050003 
97.120003 
97.080002 
97.110001 
97.110001 
97.110001 
97.040001 
97.080002 
97.099998 
97.070000 
97.180000 
97.110001 
97.110001 
97.139999 
97.139999 
97.129997 
97.099998 
97.089996 
97.110001 
97.089996 
97.150002 
97.120003 
97.070000 
97.110001 
97.160004 
97.110001 
97.169998 
97.080002 
97.110001 
97.169998 
97.169998 
97.129997 
97.169998 
97.160004 
97.139999 
97.230003 
97.120003 
97.180000 
97.169998 
97.260002 
97.160004 
97.160004 
97.209999 
97.220001 
97.209999 
97.180000 
97.290001 
97.220001 
97.250000 
97.250000 
97.220001 
97.230003 
97.180000 
97.190002 
97.220001 
97.190002 
97.260002 
97.279999 
97.239998 
97.260002 
97.320000 
97.260002 
97.250000 
97.230003 
97.230003 
97.360001 
97.290001 
97.250000 
97.320000 
97.279999 
97.320000 
97.330002 
97.300003 
97.260002 
97.290001 
97.300003 
97.309998 
97.279999 
97.320000 
97.309998 
97.230003 
97.300003 
97.349998 
97.339996 
97.300003 
97.320000 
97.330002 
97.279999 
97.339996 
97.309998 
97.269997 
97.330002 
97.349998 
97.309998 
97.389999 
97.330002 
97.360001 
97.339996 
97.290001 
97.279999 
97.300003 
97.300003 
97.320000 
97.330002 
97.309998 
97.360001 
97.379997 
97.300003 
97.349998 
97.370003 
97.339996 
97.309998 
97.379997 
97.330002 
97.370003 
97.339996 
97.379997 
97.379997 
97.349998 
97.410004 
97.410004 
97.360001 
97.309998 
97.400002 
97.379997 
97.379997 
97.389999 
97.400002 
97.419998 
97.419998 
97.410004 
97.389999 
97.419998 
97.440002 
97.370003 
97.400002 
97.410004 
97.400002 
97.419998 
97.449997 
97.379997 
97.430000 
97.400002 
97.339996 
97.320000 
97.360001 
97.430000 
97.370003 
97.410004 
97.389999 
97.360001 
97.430000 
97.410004 
97.449997 
97.419998 
97.449997 
97.470001 
97.419998 
97.459999 
97.459999 
97.370003 
97.430000 
97.410004 
97.419998 
97.360001 
97.459999 
97.430000 
97.400002 
97.389999 
97.400002 
97.459999 
97.440002 
97.459999 
97.480003 
97.489998 
97.430000 
97.400002 
97.449997 
97.440002 
97.489998 
97.459999 
97.419998 
97.489998 
97.430000 
97.470001 
97.440002 
97.419998 
97.430000 
97.430000 
97.430000 
97.440002 
97.440002 
97.489998 
97.430000 
97.430000 
97.419998 
97.510002 
97.529999 
97.519997 
97.519997 
97.480003 
97.449997 
97.470001 
97.480003 
97.449997 
97.449997 
97.489998 
97.459999 
97.430000 
97.449997 
97.480003 
97.449997 
97.529999 
97.489998 
97.540001 
97.519997 
97.510002 
97.489998 
97.519997 
97.529999 
97.540001 
97.570000 
97.559998 
97.500000 
97.529999 
97.480003 
97.519997 
97.540001 
97.489998 
97.470001 
97.550003 
97.519997 
97.500000 
97.519997 
97.540001 
97.559998 
97.589996 
97.570000 
97.580002 
97.570000 
97.589996 
97.570000 
97.599998 
97.580002 
97.540001 
97.550003 
97.559998 
97.570000 
97.589996 
97.599998 
97.540001 
97.580002 
97.599998 
97.599998 
97.599998 
97.559998 
97.570000 
97.559998 
97.550003 
97.629997 
97.599998 
97.599998 
97.529999 
97.550003 
97.599998 
97.570000 
97.589996 
97.570000 
97.589996 
97.610001 
97.639999 
97.599998 
97.589996 
97.540001 
97.610001 
97.570000 
97.599998 
97.580002 
97.639999 
97.639999 
97.620003 
97.669998 
97.599998 
97.629997 
97.580002 
97.629997 
97.639999 
97.610001 
97.620003 
97.629997 
97.650002 
97.620003 
97.629997 
97.620003 
97.610001 
97.610001 
97.669998 
97.650002 
97.620003 
97.639999 
97.650002 
97.660004 
97.629997 
97.610001 
97.599998 
97.589996 
97.639999 
97.639999 
97.639999 
97.620003 
97.639999 
97.669998 
97.690002 
97.690002 
97.669998 
97.690002 
97.669998 
97.699997 
97.680000 
97.660004 
97.580002 
97.639999 
97.680000 
97.680000 
97.680000 
97.680000 
97.639999 
97.669998 
97.680000 
97.690002 
97.709999 
97.699997 
97.709999 
97.690002 
97.730003 
97.699997 
97.739998 
97.699997 
97.730003 
97.709999 
97.720001 
97.680000 
97.720001 
97.739998 
97.690002 
97.709999 
97.660004 
97.699997 
97.669998 
97.699997 
97.669998 
97.690002 
97.739998 
97.660004 
97.709999 
97.730003 
97.680000 
97.720001 
97.720001 
97.680000 
97.699997 
97.709999 
97.720001 
97.760002 
97.709999 
97.730003 
97.720001 
97.730003 
97.699997 
97.709999 
97.750000 
97.699997 
97.699997 
97.730003 
97.750000 
97.730003 
97.739998 
97.769997 
97.739998 
97.730003 
97.720001 
97.699997 
97.739998 
97.709999 
97.709999 
97.720001 
97.690002 
97.680000 
97.680000 
97.720001 
97.699997 
97.739998 
97.709999 
97.730003 
97.739998 
97.730003 
97.739998 
97.720001 
97.739998 
97.750000 
97.760002 
97.730003 
97.779999 
97.769997 
97.750000 
97.769997 
97.760002 
97.779999 
97.800003 
97.739998 
97.790001 
97.779999 
97.779999 
97.739998 
97.760002 
97.779999 
97.739998 
97.739998 
97.760002 
97.779999 
97.769997 
97.790001 
97.820000 
97.790001 
97.760002 
97.760002 
97.779999 
97.820000 
97.800003 
97.760002 
97.820000 
97.839996 
97.730003 
97.779999 
97.769997 
97.800003 
97.769997 
97.709999 
97.769997 
97.779999 
97.790001 
97.800003 
97.730003 
97.739998 
97.769997 
97.750000 
97.730003 
97.750000 
97.730003 
97.769997 
97.800003 
97.760002 
97.779999 
97.790001 
97.849998 
97.800003 
97.790001 
97.750000 
97.790001 
97.800003 
97.779999 
97.790001 
97.809998 
97.849998 
97.839996 
97.839996 
97.820000 
97.820000 
97.860001 
