30.870001 
63.310001 
77.660004 
82.129997 
85.870003 
87.650002 
89.510002 
90.250000 
90.790001 
91.660004 
91.970001 
92.379997 
92.879997 
93.480003 
93.709999 
93.769997 
94.059998 
94.320000 
94.349998 
94.580002 
94.529999 
94.800003 
95.010002 
95.059998 
95.150002 
95.180000 
95.389999 
95.419998 
95.589996 
95.610001 
95.930000 
95.980003 
96.010002 
96.180000 
96.279999 
96.160004 
96.250000 
96.349998 
96.330002 
96.459999 
96.419998 
96.510002 
96.500000 
96.519997 
96.599998 
96.660004 
96.800003 
96.720001 
96.750000 
96.830002 
96.790001 
96.949997 
97.029999 
96.849998 
96.949997 
97.050003 
97.059998 
97.000000 
97.129997 
97.230003 
97.230003 
97.349998 
97.290001 
97.250000 
97.300003 
97.250000 
97.290001 
97.269997 
97.260002 
97.360001 
97.360001 
97.480003 
97.389999 
97.419998 
97.370003 
97.419998 
97.480003 
97.550003 
97.540001 
97.500000 
97.480003 
97.550003 
97.570000 
97.459999 
97.519997 
97.599998 
97.650002 
97.669998 
97.720001 
97.629997 
97.680000 
97.760002 
97.650002 
97.720001 
97.739998 
97.830002 
97.839996 
97.709999 
97.760002 
97.750000 
97.820000 
97.660004 
97.809998 
97.879997 
97.779999 
97.730003 
97.830002 
97.879997 
97.870003 
97.870003 
97.779999 
97.820000 
97.900002 
97.820000 
97.910004 
97.849998 
97.889999 
97.970001 
97.989998 
98.000000 
97.970001 
98.000000 
98.050003 
97.930000 
98.050003 
97.989998 
98.120003 
98.010002 
97.970001 
98.040001 
98.040001 
97.989998 
97.970001 
98.089996 
98.029999 
98.019997 
97.989998 
97.940002 
97.980003 
98.070000 
98.080002 
98.050003 
98.120003 
98.040001 
98.010002 
98.080002 
98.089996 
98.080002 
98.120003 
98.089996 
98.089996 
98.099998 
98.110001 
98.129997 
98.080002 
98.040001 
98.059998 
98.139999 
98.180000 
98.129997 
98.220001 
98.209999 
98.220001 
98.169998 
98.209999 
98.209999 
98.169998 
98.169998 
98.239998 
98.180000 
98.260002 
98.169998 
98.160004 
98.160004 
98.239998 
98.250000 
98.209999 
98.269997 
98.230003 
98.230003 
98.220001 
98.260002 
98.250000 
98.199997 
98.180000 
98.269997 
98.279999 
98.339996 
98.220001 
98.309998 
98.320000 
98.260002 
98.269997 
98.290001 
98.279999 
98.349998 
98.309998 
98.269997 
98.330002 
98.300003 
98.349998 
98.389999 
98.389999 
98.349998 
98.330002 
98.360001 
98.400002 
98.389999 
98.330002 
98.309998 
98.320000 
98.389999 
98.309998 
98.309998 
98.370003 
98.410004 
98.440002 
98.379997 
98.320000 
98.379997 
98.370003 
98.360001 
98.330002 
98.379997 
98.430000 
98.419998 
98.440002 
98.389999 
98.349998 
98.400002 
98.459999 
98.430000 
98.430000 
98.400002 
98.480003 
98.480003 
98.379997 
98.459999 
98.400002 
98.480003 
98.500000 
98.470001 
98.419998 
98.540001 
98.480003 
98.500000 
98.440002 
98.459999 
98.430000 
98.480003 
98.480003 
98.480003 
98.449997 
98.440002 
98.459999 
98.480003 
98.440002 
98.519997 
98.550003 
98.440002 
98.430000 
98.510002 
98.489998 
98.570000 
98.440002 
98.589996 
98.550003 
98.510002 
98.540001 
98.440002 
98.559998 
98.500000 
98.510002 
98.510002 
98.529999 
98.489998 
98.629997 
98.500000 
98.519997 
98.589996 
98.639999 
98.529999 
98.500000 
98.540001 
98.620003 
98.550003 
98.610001 
98.570000 
98.639999 
98.519997 
98.570000 
98.570000 
98.570000 
98.529999 
98.589996 
98.620003 
98.550003 
98.500000 
98.589996 
98.599998 
98.559998 
98.550003 
98.550003 
98.589996 
98.650002 
98.500000 
98.669998 
98.629997 
98.610001 
98.610001 
98.589996 
98.639999 
98.669998 
98.620003 
98.669998 
98.589996 
98.559998 
98.709999 
98.629997 
98.650002 
98.580002 
98.610001 
98.680000 
98.610001 
98.629997 
98.650002 
98.669998 
98.599998 
98.620003 
98.680000 
98.699997 
98.620003 
98.589996 
98.639999 
98.580002 
98.540001 
98.620003 
98.589996 
98.610001 
98.610001 
98.680000 
98.660004 
98.730003 
98.660004 
98.699997 
98.650002 
98.699997 
98.699997 
98.669998 
98.720001 
98.709999 
98.769997 
98.699997 
98.699997 
98.669998 
98.699997 
98.730003 
98.639999 
98.660004 
98.639999 
98.760002 
98.730003 
98.790001 
98.699997 
98.660004 
98.709999 
98.680000 
98.620003 
98.639999 
98.690002 
98.639999 
98.699997 
98.669998 
98.680000 
98.639999 
98.690002 
98.690002 
98.769997 
98.680000 
98.669998 
98.849998 
98.720001 
98.730003 
98.680000 
98.699997 
98.709999 
98.760002 
98.800003 
98.730003 
98.739998 
98.660004 
98.669998 
98.720001 
98.730003 
98.709999 
98.720001 
98.669998 
98.660004 
98.690002 
98.709999 
98.709999 
98.790001 
98.699997 
98.739998 
98.800003 
98.800003 
98.790001 
98.800003 
98.739998 
98.779999 
98.879997 
98.769997 
98.760002 
98.790001 
98.790001 
98.739998 
98.730003 
98.809998 
98.790001 
98.809998 
98.699997 
98.739998 
98.720001 
98.720001 
98.699997 
98.730003 
98.680000 
98.769997 
98.750000 
98.760002 
98.800003 
98.809998 
98.790001 
98.849998 
98.769997 
98.779999 
98.750000 
98.839996 
98.779999 
98.790001 
98.839996 
98.769997 
98.750000 
98.790001 
98.809998 
98.830002 
98.849998 
98.830002 
98.830002 
98.879997 
98.820000 
98.779999 
98.839996 
98.879997 
98.860001 
98.809998 
98.809998 
98.849998 
98.820000 
98.870003 
98.870003 
98.790001 
98.830002 
98.779999 
98.849998 
98.809998 
98.839996 
98.769997 
98.769997 
98.709999 
98.790001 
98.809998 
98.839996 
98.760002 
98.790001 
98.830002 
98.849998 
98.809998 
98.790001 
98.849998 
98.839996 
98.779999 
98.750000 
98.739998 
98.800003 
98.870003 
98.820000 
98.809998 
98.889999 
98.820000 
98.870003 
98.809998 
98.820000 
98.870003 
98.860001 
98.839996 
98.910004 
98.849998 
98.910004 
98.830002 
98.839996 
98.870003 
98.860001 
98.879997 
98.889999 
98.949997 
98.959999 
98.830002 
98.739998 
98.870003 
98.870003 
98.779999 
98.820000 
98.760002 
98.760002 
98.849998 
98.830002 
98.809998 
98.889999 
98.879997 
98.900002 
98.830002 
98.849998 
98.809998 
98.930000 
98.830002 
98.860001 
98.860001 
98.820000 
98.820000 
98.790001 
98.800003 
98.800003 
98.809998 
98.830002 
98.779999 
98.790001 
98.820000 
98.830002 
98.919998 
98.800003 
98.790001 
98.720001 
98.760002 
98.800003 
98.739998 
98.839996 
98.720001 
98.790001 
98.790001 
98.790001 
98.809998 
98.739998 
98.730003 
98.720001 
98.800003 
98.809998 
98.849998 
98.820000 
98.860001 
98.820000 
98.870003 
98.900002 
98.800003 
98.750000 
98.879997 
98.760002 
98.800003 
98.800003 
98.879997 
98.889999 
98.900002 
98.800003 
98.860001 
98.760002 
98.839996 
98.889999 
98.809998 
98.830002 
98.809998 
98.809998 
98.870003 
98.839996 
98.889999 
98.879997 
98.830002 
98.830002 
98.860001 
98.800003 
98.839996 
98.879997 
98.879997 
98.830002 
98.860001 
98.849998 
98.830002 
98.830002 
98.889999 
98.889999 
98.870003 
98.820000 
98.839996 
98.879997 
98.839996 
98.830002 
98.809998 
98.889999 
98.889999 
98.860001 
98.830002 
98.870003 
98.790001 
98.830002 
98.860001 
98.879997 
98.889999 
98.930000 
98.919998 
98.930000 
98.910004 
98.910004 
98.870003 
98.860001 
98.820000 
98.889999 
99.000000 
98.889999 
98.889999 
98.910004 
98.940002 
98.910004 
98.940002 
98.949997 
98.870003 
98.900002 
98.860001 
98.860001 
98.870003 
98.820000 
98.860001 
98.820000 
98.889999 
98.870003 
98.830002 
98.919998 
98.879997 
98.870003 
98.919998 
98.900002 
98.870003 
98.839996 
98.809998 
98.790001 
98.870003 
98.820000 
98.779999 
98.839996 
98.889999 
98.930000 
98.889999 
98.839996 
98.849998 
98.860001 
98.839996 
98.860001 
98.910004 
98.860001 
98.910004 
98.849998 
98.860001 
98.839996 
98.900002 
99.029999 
99.000000 
98.910004 
98.849998 
98.900002 
98.940002 
98.930000 
98.900002 
98.849998 
98.959999 
98.919998 
98.849998 
98.879997 
98.849998 
98.800003 
98.930000 
98.830002 
98.940002 
98.910004 
98.879997 
98.830002 
98.860001 
98.910004 
98.980003 
98.940002 
98.919998 
98.830002 
98.919998 
98.930000 
98.900002 
98.900002 
98.889999 
98.919998 
98.919998 
98.879997 
98.900002 
98.970001 
98.839996 
98.949997 
99.010002 
98.959999 
98.910004 
98.900002 
98.949997 
98.879997 
98.860001 
98.860001 
98.849998 
98.860001 
98.849998 
98.959999 
98.910004 
98.910004 
98.980003 
98.879997 
98.889999 
98.949997 
98.919998 
98.970001 
98.870003 
98.910004 
99.019997 
98.940002 
98.959999 
98.900002 
98.970001 
98.889999 
98.830002 
98.919998 
98.900002 
98.870003 
98.919998 
98.930000 
98.820000 
98.949997 
98.830002 
98.980003 
99.040001 
98.980003 
98.879997 
98.970001 
98.949997 
98.970001 
98.910004 
98.879997 
98.930000 
98.980003 
98.980003 
98.959999 
98.940002 
98.919998 
99.000000 
98.949997 
98.980003 
98.980003 
98.930000 
98.949997 
98.919998 
98.949997 
98.930000 
98.970001 
98.970001 
98.959999 
98.919998 
98.900002 
98.959999 
98.889999 
98.910004 
98.949997 
98.949997 
98.900002 
98.889999 
98.910004 
98.919998 
98.949997 
99.029999 
98.989998 
98.980003 
98.930000 
98.980003 
98.889999 
98.919998 
98.989998 
98.930000 
98.849998 
98.849998 
98.820000 
98.879997 
98.919998 
98.919998 
98.949997 
98.889999 
98.970001 
98.959999 
98.860001 
98.949997 
98.910004 
98.930000 
98.870003 
98.980003 
98.910004 
98.919998 
98.910004 
98.910004 
98.879997 
98.900002 
98.940002 
99.000000 
99.019997 
99.019997 
99.019997 
98.989998 
99.029999 
98.949997 
98.959999 
98.980003 
99.019997 
98.959999 
98.949997 
98.959999 
98.919998 
98.949997 
98.870003 
98.919998 
98.889999 
98.879997 
98.900002 
98.930000 
98.919998 
98.940002 
99.040001 
99.010002 
99.010002 
98.970001 
99.010002 
98.940002 
98.959999 
98.940002 
98.949997 
98.940002 
98.940002 
98.910004 
98.900002 
98.900002 
98.900002 
98.930000 
98.959999 
98.919998 
98.879997 
98.879997 
98.860001 
98.910004 
98.910004 
98.900002 
98.910004 
98.959999 
98.839996 
98.959999 
98.949997 
98.959999 
98.930000 
98.949997 
98.940002 
99.000000 
99.010002 
99.000000 
98.940002 
99.029999 
98.980003 
98.949997 
98.949997 
99.000000 
99.019997 
98.970001 
98.959999 
98.830002 
98.940002 
98.959999 
98.889999 
99.000000 
99.019997 
98.930000 
98.940002 
98.970001 
99.010002 
99.000000 
99.050003 
99.040001 
99.040001 
99.010002 
99.010002 
98.949997 
98.919998 
98.949997 
98.989998 
98.989998 
99.010002 
99.000000 
98.980003 
98.980003 
99.029999 
98.970001 
98.940002 
98.940002 
98.980003 
98.989998 
98.989998 
98.959999 
98.910004 
98.940002 
98.930000 
98.989998 
98.919998 
98.959999 
98.919998 
99.000000 
98.949997 
98.949997 
99.010002 
99.019997 
98.989998 
99.040001 
99.040001 
98.970001 
98.959999 
99.010002 
98.980003 
99.019997 
99.019997 
99.019997 
98.949997 
98.980003 
99.010002 
98.970001 
99.000000 
99.029999 
98.959999 
98.989998 
98.949997 
99.010002 
98.989998 
98.989998 
99.010002 
98.900002 
98.959999 
98.879997 
98.959999 
99.019997 
98.989998 
99.040001 
98.949997 
99.080002 
99.059998 
99.029999 
99.029999 
99.029999 
99.040001 
98.970001 
98.989998 
99.019997 
99.019997 
99.050003 
99.019997 
98.989998 
99.029999 
98.989998 
98.970001 
98.989998 
98.940002 
98.970001 
98.989998 
99.029999 
99.029999 
98.959999 
99.000000 
98.959999 
98.940002 
98.930000 
98.959999 
98.959999 
98.940002 
98.919998 
99.019997 
98.910004 
99.000000 
98.989998 
98.959999 
98.989998 
