85.84
92.15
94.39
95.15
95.63
95.83
96.22
96.74
96.77
96.91
97.11
97.19
97.29
97.44
97.42
97.5
97.63
97.66
97.82
97.84
97.77
97.94
98.01
98.01
98
98.02
98.12
98.21
98.12
98.18
98.19
98.25
98.25
98.32
98.34
98.35
98.41
98.31
98.37
98.38
98.41
98.48
98.47
98.5
98.42
98.49
98.5
98.47
98.47
98.58
98.55
98.59
98.59
98.63
98.62
98.55
98.65
98.59
98.64
98.61
98.72
98.72
98.69
98.69
98.76
98.75
98.71
98.71
98.74
98.84
98.75
98.79
98.76
98.74
98.64
98.75
98.8
98.86
98.8
98.8
98.86
98.79
98.84
98.75
98.86
98.86
98.79
98.78
98.81
98.83
98.83
98.82
98.83
98.84
98.84
98.83
98.86
98.87
98.88
98.86
98.85
98.86
98.86
98.88
98.89
98.91
98.91
98.88
98.88
98.89
98.86
98.88
98.87
98.86
98.85
98.9
98.93
99.01
98.92
98.92
98.91
98.88
98.85
98.9
98.92
98.84
98.92
99
98.94
98.93
98.92
98.95
98.96
98.92
98.9
98.97
98.85
98.98
99.01
98.92
98.99
99.03
98.99
98.93
98.95
99
98.96
98.92
99
98.93
98.9
98.94
99.01
99
98.97
99.01
98.99
98.96
98.98
99.04
98.94
98.97
99.02
99
99
99.05
98.99
98.95
98.93
98.96
98.91
98.91
98.93
98.89
99
99.02
99.02
99.02
99.02
99.01
98.97
99
99.09
99.08
99.11
99.1
99.01
99.04
99.03
98.97
99.02
99.11
99.03
99.05
99.08
98.98
99.05
99.01
99.09
99.06
