14.850000 
26.780001 
37.020000 
44.279999 
50.849998 
56.560001 
59.009998 
64.739998 
67.250000 
70.720001 
73.480003 
75.379997 
79.150002 
79.879997 
81.510002 
83.760002 
84.980003 
86.650002 
86.699997 
87.099998 
88.110001 
88.529999 
88.660004 
88.970001 
89.419998 
89.620003 
89.559998 
89.949997 
90.160004 
90.389999 
90.610001 
90.739998 
90.930000 
91.110001 
91.260002 
91.419998 
91.430000 
91.690002 
91.879997 
91.900002 
92.120003 
92.540001 
92.360001 
92.570000 
92.550003 
92.599998 
92.510002 
92.870003 
92.760002 
92.830002 
92.940002 
93.059998 
93.000000 
93.139999 
93.129997 
93.430000 
93.389999 
93.449997 
93.500000 
93.540001 
93.660004 
93.830002 
93.739998 
93.769997 
93.849998 
94.080002 
93.940002 
94.050003 
93.989998 
94.089996 
94.150002 
94.220001 
94.209999 
94.320000 
94.290001 
94.309998 
94.529999 
94.480003 
94.419998 
94.529999 
94.370003 
94.480003 
94.690002 
94.760002 
94.690002 
94.779999 
94.779999 
94.870003 
94.930000 
94.910004 
94.930000 
94.889999 
95.029999 
94.980003 
95.120003 
95.080002 
94.970001 
95.180000 
95.209999 
95.209999 
95.139999 
95.180000 
95.290001 
95.080002 
95.400002 
95.209999 
95.410004 
95.360001 
95.370003 
95.440002 
95.370003 
95.449997 
95.459999 
95.540001 
95.550003 
95.500000 
95.559998 
95.559998 
95.660004 
95.739998 
95.660004 
95.620003 
95.730003 
95.629997 
95.709999 
95.809998 
95.720001 
95.760002 
95.730003 
95.790001 
95.790001 
95.879997 
95.800003 
95.949997 
96.010002 
96.019997 
96.070000 
96.029999 
96.129997 
96.089996 
96.120003 
96.230003 
96.139999 
96.139999 
96.120003 
96.220001 
96.129997 
96.300003 
96.139999 
96.360001 
96.339996 
96.260002 
96.500000 
96.309998 
96.480003 
96.489998 
96.410004 
96.489998 
96.559998 
96.449997 
96.529999 
96.459999 
96.510002 
96.599998 
96.529999 
96.519997 
96.580002 
96.510002 
96.550003 
96.629997 
96.529999 
96.669998 
96.699997 
96.660004 
96.739998 
96.620003 
96.739998 
96.769997 
96.730003 
96.620003 
96.769997 
96.709999 
96.800003 
96.820000 
96.800003 
96.790001 
96.830002 
96.790001 
96.830002 
96.849998 
96.830002 
96.790001 
96.830002 
96.930000 
96.839996 
96.779999 
96.849998 
96.879997 
96.889999 
96.820000 
96.849998 
96.949997 
96.900002 
96.919998 
96.870003 
96.989998 
96.900002 
96.949997 
96.949997 
96.980003 
96.940002 
97.019997 
97.050003 
97.000000 
96.930000 
96.879997 
96.989998 
97.019997 
97.010002 
97.019997 
97.120003 
97.019997 
96.980003 
96.949997 
97.019997 
96.989998 
97.190002 
97.169998 
97.129997 
97.059998 
97.160004 
97.199997 
97.059998 
97.120003 
97.169998 
97.199997 
97.190002 
97.169998 
97.230003 
97.220001 
97.360001 
97.209999 
97.339996 
97.180000 
97.180000 
97.169998 
97.260002 
97.169998 
97.410004 
97.250000 
97.379997 
97.309998 
97.300003 
97.300003 
97.239998 
97.320000 
97.309998 
97.459999 
97.430000 
97.459999 
97.400002 
97.370003 
97.419998 
97.410004 
97.500000 
97.510002 
97.510002 
97.379997 
97.419998 
97.459999 
97.320000 
97.360001 
97.449997 
97.480003 
97.500000 
97.470001 
97.500000 
97.529999 
97.580002 
97.519997 
97.500000 
97.480003 
97.559998 
97.529999 
97.559998 
97.540001 
97.449997 
97.580002 
97.559998 
97.430000 
97.529999 
97.570000 
97.529999 
97.589996 
97.580002 
97.559998 
97.529999 
97.489998 
97.559998 
97.589996 
97.570000 
97.610001 
97.550003 
97.559998 
97.610001 
97.529999 
97.620003 
97.620003 
97.639999 
97.599998 
97.599998 
97.650002 
97.690002 
97.680000 
97.730003 
97.580002 
97.660004 
97.599998 
97.699997 
97.709999 
97.730003 
97.720001 
97.720001 
97.720001 
97.680000 
97.669998 
97.800003 
97.750000 
97.709999 
97.709999 
97.769997 
97.680000 
97.650002 
97.669998 
97.739998 
97.820000 
97.779999 
97.760002 
97.720001 
97.709999 
97.709999 
97.690002 
97.650002 
97.760002 
97.779999 
97.709999 
97.750000 
97.739998 
97.760002 
97.879997 
97.860001 
97.879997 
97.930000 
97.820000 
97.930000 
97.860001 
97.820000 
97.910004 
97.900002 
97.949997 
97.870003 
97.779999 
97.889999 
97.940002 
97.910004 
98.000000 
97.900002 
97.910004 
97.930000 
97.940002 
97.830002 
97.849998 
97.949997 
97.930000 
97.949997 
98.000000 
97.930000 
97.980003 
97.970001 
97.989998 
98.019997 
97.959999 
97.940002 
97.919998 
97.959999 
97.900002 
97.940002 
98.010002 
98.000000 
97.879997 
97.849998 
97.949997 
97.970001 
98.050003 
97.970001 
97.919998 
97.949997 
97.989998 
97.930000 
97.940002 
97.919998 
97.980003 
98.000000 
97.989998 
98.019997 
97.959999 
97.980003 
98.029999 
97.989998 
98.110001 
98.050003 
98.089996 
98.070000 
98.040001 
98.029999 
98.010002 
98.040001 
98.059998 
98.050003 
98.080002 
98.070000 
98.059998 
98.019997 
98.040001 
98.110001 
98.080002 
98.120003 
98.110001 
98.050003 
98.080002 
98.120003 
98.019997 
98.040001 
98.040001 
98.110001 
98.029999 
98.110001 
98.089996 
98.050003 
98.050003 
98.040001 
98.019997 
98.029999 
98.070000 
98.139999 
98.099998 
98.110001 
98.120003 
98.150002 
98.129997 
98.080002 
98.139999 
98.050003 
98.040001 
98.059998 
98.059998 
98.129997 
98.150002 
98.080002 
98.099998 
98.099998 
98.080002 
98.050003 
98.129997 
98.139999 
98.099998 
98.089996 
98.120003 
98.099998 
98.120003 
98.070000 
98.120003 
98.139999 
98.120003 
98.099998 
98.110001 
98.120003 
98.110001 
98.120003 
98.160004 
98.139999 
98.110001 
98.110001 
98.120003 
98.120003 
98.139999 
98.080002 
98.169998 
98.169998 
98.169998 
98.209999 
98.199997 
98.180000 
98.169998 
98.209999 
98.199997 
98.209999 
98.250000 
98.120003 
98.190002 
98.269997 
98.209999 
98.269997 
98.190002 
98.150002 
98.190002 
98.169998 
98.220001 
98.139999 
98.220001 
98.160004 
98.180000 
98.160004 
98.139999 
98.209999 
98.250000 
98.230003 
98.250000 
98.209999 
98.230003 
98.279999 
98.269997 
98.220001 
98.239998 
98.239998 
98.279999 
98.180000 
98.209999 
98.250000 
98.209999 
98.300003 
98.209999 
98.199997 
98.260002 
98.250000 
98.199997 
98.260002 
98.300003 
98.239998 
98.250000 
98.209999 
98.190002 
98.220001 
98.290001 
98.290001 
98.309998 
98.250000 
98.250000 
98.300003 
98.239998 
98.239998 
98.220001 
98.279999 
98.230003 
98.239998 
98.250000 
98.239998 
98.169998 
98.260002 
98.349998 
98.330002 
98.309998 
98.339996 
98.330002 
98.349998 
98.360001 
98.290001 
98.290001 
98.309998 
98.320000 
98.309998 
98.250000 
98.330002 
98.309998 
98.279999 
98.260002 
98.309998 
98.279999 
98.389999 
98.360001 
98.379997 
98.360001 
98.349998 
98.370003 
98.339996 
98.309998 
98.320000 
98.279999 
98.279999 
98.300003 
98.279999 
98.290001 
98.330002 
98.320000 
98.260002 
98.330002 
98.279999 
98.330002 
98.290001 
98.389999 
98.339996 
98.349998 
98.300003 
98.389999 
98.330002 
98.349998 
98.250000 
98.339996 
98.320000 
98.349998 
98.330002 
98.360001 
98.290001 
98.349998 
98.330002 
98.400002 
98.339996 
98.379997 
98.360001 
98.400002 
98.370003 
98.370003 
98.320000 
98.320000 
98.320000 
98.370003 
98.410004 
98.400002 
98.370003 
98.379997 
98.430000 
98.419998 
98.389999 
98.339996 
98.410004 
98.379997 
98.360001 
98.360001 
98.370003 
98.410004 
98.410004 
98.389999 
98.349998 
98.419998 
98.419998 
98.459999 
98.360001 
98.440002 
98.370003 
98.330002 
98.379997 
98.370003 
98.400002 
98.349998 
98.430000 
98.360001 
98.360001 
98.400002 
98.440002 
98.389999 
98.410004 
98.419998 
98.430000 
98.419998 
98.410004 
98.400002 
98.339996 
98.440002 
98.430000 
98.330002 
98.470001 
98.400002 
98.459999 
98.440002 
98.419998 
98.379997 
98.400002 
98.440002 
98.440002 
98.480003 
98.459999 
98.470001 
98.489998 
98.440002 
98.389999 
98.419998 
98.449997 
98.470001 
98.440002 
98.440002 
98.419998 
98.400002 
98.430000 
98.470001 
98.480003 
98.510002 
98.400002 
98.449997 
98.410004 
98.419998 
98.430000 
98.510002 
98.459999 
98.470001 
98.540001 
98.500000 
98.510002 
98.459999 
98.470001 
98.489998 
98.459999 
98.400002 
98.370003 
98.440002 
98.430000 
98.459999 
98.339996 
98.419998 
98.379997 
98.440002 
98.470001 
98.449997 
98.449997 
98.470001 
98.440002 
98.459999 
98.519997 
98.489998 
98.470001 
98.459999 
98.489998 
98.470001 
98.470001 
98.430000 
98.440002 
98.459999 
98.500000 
98.510002 
98.480003 
98.430000 
98.480003 
98.459999 
98.440002 
98.470001 
98.489998 
98.430000 
98.410004 
98.449997 
98.459999 
98.470001 
98.480003 
98.449997 
98.510002 
98.459999 
98.410004 
98.400002 
98.400002 
98.470001 
98.419998 
98.489998 
98.410004 
98.480003 
98.459999 
98.489998 
98.500000 
98.440002 
98.510002 
98.489998 
98.480003 
98.379997 
98.430000 
98.440002 
98.449997 
98.480003 
98.519997 
98.510002 
98.470001 
98.500000 
98.470001 
98.459999 
98.419998 
98.459999 
98.410004 
98.459999 
98.519997 
98.510002 
98.480003 
98.550003 
98.529999 
98.449997 
98.489998 
98.449997 
98.470001 
98.500000 
98.419998 
98.470001 
98.449997 
98.489998 
98.500000 
98.449997 
98.440002 
98.510002 
98.529999 
98.489998 
98.529999 
98.519997 
98.500000 
98.540001 
98.519997 
98.570000 
98.529999 
98.510002 
98.519997 
98.559998 
98.510002 
98.510002 
98.510002 
98.540001 
98.550003 
98.550003 
98.599998 
98.540001 
98.500000 
98.500000 
98.519997 
98.580002 
98.599998 
98.589996 
98.550003 
98.500000 
98.470001 
98.500000 
98.489998 
98.489998 
98.489998 
98.550003 
98.519997 
98.510002 
98.550003 
98.519997 
98.570000 
98.570000 
98.529999 
98.529999 
98.510002 
98.500000 
98.510002 
98.510002 
98.470001 
98.519997 
98.470001 
98.459999 
98.500000 
98.449997 
98.610001 
98.570000 
98.510002 
98.459999 
98.519997 
98.570000 
98.680000 
98.610001 
98.599998 
98.570000 
98.559998 
98.519997 
98.610001 
98.599998 
98.580002 
98.559998 
98.669998 
98.570000 
98.580002 
98.580002 
98.550003 
98.599998 
98.580002 
98.610001 
98.570000 
98.610001 
98.580002 
98.529999 
98.529999 
98.510002 
98.519997 
98.519997 
98.599998 
98.570000 
98.580002 
98.589996 
98.540001 
98.639999 
98.580002 
98.529999 
98.620003 
98.639999 
98.589996 
98.599998 
98.629997 
98.599998 
98.610001 
98.559998 
98.550003 
98.550003 
98.629997 
98.570000 
98.599998 
98.559998 
98.620003 
98.599998 
98.650002 
98.610001 
98.660004 
98.650002 
98.599998 
98.559998 
98.550003 
98.580002 
98.580002 
98.629997 
98.550003 
98.589996 
98.599998 
98.589996 
98.620003 
98.650002 
98.589996 
98.589996 
98.589996 
98.660004 
98.580002 
98.629997 
98.639999 
98.660004 
98.660004 
98.680000 
98.680000 
98.639999 
98.639999 
98.610001 
98.620003 
98.570000 
98.610001 
98.629997 
98.620003 
98.629997 
98.660004 
98.690002 
98.629997 
98.639999 
98.629997 
98.610001 
98.629997 
98.610001 
98.610001 
98.629997 
98.639999 
98.690002 
98.650002 
98.699997 
98.699997 
98.690002 
98.610001 
98.599998 
98.660004 
98.650002 
98.639999 
98.629997 
98.610001 
98.650002 
98.669998 
98.699997 
98.680000 
98.660004 
98.680000 
98.570000 
98.589996 
98.639999 
98.650002 
98.650002 
98.690002 
98.669998 
98.690002 
98.699997 
98.610001 
98.610001 
98.580002 
98.680000 
98.620003 
98.680000 
98.639999 
98.690002 
98.680000 
98.639999 
98.680000 
98.680000 
98.690002 
98.669998 
98.739998 
98.750000 
