8.880000 
9.280000 
9.660000 
9.860000 
10.210000 
10.490000 
10.680000 
10.790000 
11.000000 
11.110000 
11.260000 
11.630000 
11.930000 
12.230000 
12.430000 
12.800000 
13.030000 
13.220000 
13.470000 
13.820000 
14.120000 
14.270000 
14.670000 
14.990000 
15.310000 
15.730000 
15.940000 
16.459999 
16.750000 
17.309999 
17.809999 
18.360001 
19.040001 
19.730000 
20.080000 
20.410000 
21.080000 
21.700001 
22.190001 
22.700001 
23.219999 
23.549999 
24.070000 
24.559999 
25.080000 
25.379999 
25.820000 
26.240000 
26.610001 
27.059999 
27.459999 
27.860001 
28.299999 
28.820000 
29.070000 
29.520000 
29.799999 
30.110001 
30.379999 
30.850000 
31.320000 
31.770000 
32.279999 
32.759998 
33.330002 
33.980000 
34.529999 
35.259998 
35.770000 
36.509998 
37.119999 
38.020000 
38.970001 
39.540001 
40.230000 
41.029999 
42.000000 
43.040001 
43.959999 
44.900002 
45.320000 
45.790001 
46.549999 
47.340000 
47.889999 
48.630001 
49.470001 
50.009998 
50.680000 
51.310001 
51.720001 
52.349998 
52.970001 
53.650002 
53.990002 
54.400002 
54.990002 
55.270000 
55.709999 
56.160000 
56.610001 
57.060001 
57.610001 
57.680000 
58.090000 
58.369999 
58.750000 
59.150002 
59.520000 
60.180000 
60.520000 
60.950001 
61.290001 
61.660000 
62.250000 
62.759998 
62.980000 
63.480000 
63.810001 
64.150002 
64.529999 
64.919998 
65.169998 
65.529999 
65.709999 
66.040001 
66.480003 
67.019997 
67.309998 
67.690002 
67.930000 
68.239998 
68.500000 
68.949997 
69.080002 
69.389999 
69.589996 
69.769997 
69.889999 
70.150002 
70.389999 
70.550003 
70.739998 
70.800003 
70.959999 
71.260002 
71.459999 
71.660004 
71.540001 
71.639999 
71.730003 
71.750000 
71.849998 
71.970001 
72.080002 
72.180000 
72.300003 
72.440002 
72.419998 
72.570000 
72.559998 
72.540001 
72.599998 
72.589996 
72.699997 
72.650002 
72.900002 
72.839996 
72.919998 
72.870003 
72.779999 
72.900002 
73.010002 
73.010002 
73.129997 
73.070000 
73.360001 
73.230003 
73.500000 
73.809998 
73.650002 
73.489998 
73.370003 
73.349998 
73.290001 
73.360001 
73.330002 
73.449997 
73.519997 
73.669998 
73.820000 
73.949997 
73.820000 
74.059998 
74.190002 
74.279999 
74.669998 
74.760002 
74.699997 
74.589996 
74.709999 
74.730003 
74.959999 
75.160004 
75.230003 
75.349998 
75.599998 
75.559998 
75.610001 
75.559998 
75.959999 
75.989998 
76.180000 
76.309998 
76.370003 
76.330002 
76.599998 
76.959999 
76.989998 
77.110001 
77.110001 
77.239998 
77.370003 
77.300003 
77.300003 
77.239998 
77.300003 
77.260002 
77.410004 
77.580002 
77.769997 
77.949997 
78.059998 
78.180000 
78.169998 
78.300003 
78.570000 
78.610001 
78.680000 
78.800003 
78.839996 
78.870003 
78.870003 
78.989998 
79.070000 
79.269997 
79.360001 
79.519997 
79.449997 
79.529999 
79.449997 
79.480003 
79.519997 
79.510002 
79.620003 
79.830002 
79.820000 
80.019997 
80.040001 
80.050003 
80.120003 
80.120003 
80.309998 
80.440002 
80.440002 
80.629997 
80.650002 
80.709999 
80.709999 
80.910004 
80.930000 
80.849998 
80.919998 
81.110001 
81.029999 
81.139999 
81.099998 
81.160004 
81.290001 
81.379997 
81.440002 
81.500000 
81.660004 
81.860001 
81.889999 
81.930000 
82.000000 
81.940002 
82.029999 
82.279999 
82.239998 
82.209999 
82.269997 
82.589996 
82.489998 
82.639999 
82.599998 
82.610001 
82.620003 
82.629997 
82.610001 
82.720001 
82.779999 
82.690002 
82.769997 
82.879997 
83.000000 
83.080002 
83.120003 
83.129997 
83.169998 
83.139999 
83.180000 
83.239998 
83.309998 
83.480003 
83.500000 
83.470001 
83.529999 
83.550003 
83.529999 
83.639999 
83.730003 
83.730003 
83.750000 
83.800003 
83.760002 
83.879997 
83.790001 
83.970001 
84.050003 
84.029999 
84.029999 
84.120003 
84.089996 
84.230003 
84.279999 
84.260002 
84.419998 
84.389999 
84.480003 
84.459999 
84.550003 
84.650002 
84.620003 
84.680000 
84.699997 
84.769997 
84.820000 
84.830002 
84.889999 
84.809998 
84.980003 
85.010002 
85.150002 
85.070000 
85.019997 
85.040001 
85.160004 
85.239998 
85.190002 
85.279999 
85.279999 
85.330002 
85.430000 
85.419998 
85.470001 
85.570000 
85.550003 
85.540001 
85.589996 
85.470001 
85.610001 
85.680000 
85.680000 
85.849998 
85.750000 
85.769997 
85.739998 
85.839996 
85.790001 
85.900002 
86.000000 
86.010002 
86.040001 
86.040001 
86.010002 
86.040001 
86.029999 
86.080002 
86.199997 
86.220001 
86.190002 
86.070000 
86.190002 
86.320000 
86.330002 
86.430000 
86.410004 
86.570000 
86.650002 
86.580002 
86.680000 
86.559998 
86.610001 
86.620003 
86.650002 
86.639999 
86.599998 
86.720001 
86.709999 
86.739998 
86.790001 
86.830002 
86.809998 
86.769997 
86.839996 
86.760002 
86.889999 
86.790001 
86.790001 
86.860001 
86.970001 
87.080002 
87.010002 
86.970001 
87.099998 
87.169998 
87.089996 
87.050003 
87.110001 
87.160004 
87.209999 
87.230003 
87.230003 
87.300003 
87.250000 
87.260002 
87.250000 
87.290001 
87.379997 
87.419998 
87.470001 
87.489998 
87.449997 
87.480003 
87.470001 
87.449997 
87.510002 
87.510002 
87.540001 
87.589996 
87.639999 
87.599998 
87.680000 
87.629997 
87.669998 
87.650002 
87.720001 
87.709999 
87.720001 
87.800003 
87.720001 
87.779999 
87.860001 
87.870003 
87.900002 
87.889999 
87.889999 
87.889999 
87.910004 
87.919998 
87.919998 
87.949997 
87.989998 
88.080002 
88.089996 
88.040001 
88.050003 
88.089996 
88.180000 
88.190002 
88.160004 
88.169998 
88.129997 
88.150002 
88.150002 
88.199997 
88.239998 
88.389999 
88.410004 
88.410004 
88.360001 
88.480003 
88.459999 
88.440002 
88.360001 
88.379997 
88.400002 
88.440002 
88.389999 
88.419998 
88.440002 
88.510002 
88.500000 
88.430000 
88.519997 
88.559998 
88.589996 
88.589996 
88.580002 
88.610001 
88.660004 
88.639999 
88.709999 
88.699997 
88.639999 
88.720001 
88.709999 
88.690002 
88.720001 
88.800003 
88.680000 
88.709999 
88.860001 
88.849998 
88.809998 
88.830002 
88.870003 
88.910004 
88.900002 
88.860001 
88.900002 
88.970001 
89.050003 
89.010002 
88.989998 
88.910004 
88.900002 
88.959999 
88.919998 
89.010002 
89.010002 
89.010002 
88.989998 
89.000000 
88.930000 
89.040001 
89.089996 
89.050003 
89.120003 
89.099998 
89.129997 
89.160004 
89.110001 
89.190002 
89.129997 
89.169998 
89.309998 
89.330002 
89.250000 
89.239998 
89.220001 
89.239998 
89.230003 
89.269997 
89.269997 
89.300003 
89.349998 
89.330002 
89.320000 
89.349998 
89.400002 
89.489998 
89.400002 
89.389999 
89.419998 
89.470001 
89.449997 
89.400002 
89.459999 
89.449997 
89.510002 
89.489998 
89.550003 
89.589996 
89.620003 
89.550003 
89.610001 
89.559998 
89.559998 
89.570000 
89.599998 
89.510002 
89.500000 
89.589996 
89.680000 
89.720001 
89.680000 
89.709999 
89.769997 
89.790001 
89.769997 
89.800003 
89.800003 
89.879997 
89.779999 
89.809998 
89.739998 
89.790001 
89.830002 
89.800003 
89.830002 
89.739998 
89.769997 
89.769997 
89.820000 
89.809998 
89.879997 
89.970001 
89.919998 
89.820000 
89.900002 
89.839996 
89.930000 
89.959999 
89.980003 
89.989998 
89.970001 
90.010002 
90.099998 
90.019997 
90.029999 
89.989998 
90.050003 
90.150002 
90.199997 
90.089996 
90.150002 
90.050003 
90.050003 
90.089996 
90.129997 
90.209999 
90.279999 
90.220001 
90.269997 
90.180000 
90.290001 
90.160004 
90.180000 
90.220001 
90.250000 
90.309998 
90.339996 
90.360001 
90.309998 
90.339996 
90.290001 
90.260002 
90.309998 
90.300003 
90.400002 
90.370003 
90.379997 
90.320000 
90.320000 
90.470001 
90.440002 
90.480003 
90.449997 
90.510002 
90.550003 
90.559998 
90.419998 
90.540001 
90.529999 
90.500000 
90.540001 
90.529999 
90.540001 
90.519997 
90.519997 
90.540001 
90.529999 
90.559998 
90.559998 
90.629997 
90.610001 
90.580002 
90.540001 
90.459999 
90.489998 
90.639999 
90.680000 
90.639999 
90.769997 
90.779999 
90.699997 
90.629997 
90.570000 
90.580002 
90.650002 
90.660004 
90.610001 
90.629997 
90.669998 
90.639999 
90.730003 
90.800003 
90.809998 
90.699997 
90.790001 
90.730003 
90.769997 
90.769997 
90.790001 
90.830002 
90.820000 
90.790001 
90.849998 
90.800003 
90.820000 
90.860001 
90.900002 
90.830002 
90.839996 
90.879997 
90.949997 
90.860001 
90.839996 
90.830002 
90.910004 
90.879997 
90.930000 
90.959999 
90.930000 
91.040001 
91.010002 
90.949997 
90.930000 
90.910004 
90.910004 
90.889999 
90.940002 
90.959999 
90.980003 
90.959999 
91.070000 
91.010002 
91.040001 
91.010002 
91.040001 
91.010002 
91.080002 
91.139999 
91.080002 
91.070000 
91.070000 
91.160004 
91.110001 
91.089996 
91.080002 
91.089996 
91.120003 
91.070000 
91.120003 
91.080002 
91.150002 
91.129997 
91.199997 
91.150002 
91.139999 
91.199997 
91.230003 
91.239998 
91.190002 
91.250000 
91.269997 
91.230003 
91.230003 
91.250000 
91.300003 
91.300003 
91.239998 
91.250000 
91.320000 
91.309998 
91.320000 
91.309998 
91.269997 
91.300003 
91.339996 
91.300003 
91.330002 
91.330002 
91.379997 
91.349998 
91.440002 
91.400002 
91.400002 
91.379997 
91.419998 
91.419998 
91.349998 
91.330002 
91.449997 
91.500000 
91.489998 
91.540001 
91.489998 
91.519997 
91.510002 
91.519997 
91.489998 
91.550003 
91.529999 
91.489998 
91.529999 
91.570000 
91.599998 
91.470001 
91.500000 
91.500000 
91.559998 
91.610001 
91.610001 
91.570000 
91.580002 
91.610001 
91.589996 
91.570000 
91.629997 
91.620003 
91.669998 
91.559998 
91.629997 
91.559998 
91.629997 
91.599998 
91.589996 
91.660004 
91.639999 
91.709999 
91.660004 
91.650002 
91.690002 
91.709999 
91.690002 
91.650002 
91.550003 
91.660004 
91.660004 
91.599998 
91.720001 
91.750000 
91.769997 
91.699997 
91.709999 
91.739998 
91.750000 
91.790001 
91.769997 
91.730003 
91.839996 
91.790001 
91.779999 
91.820000 
91.820000 
91.839996 
91.830002 
91.769997 
91.760002 
91.750000 
91.809998 
91.809998 
91.709999 
91.750000 
91.750000 
91.820000 
91.830002 
91.820000 
91.940002 
91.849998 
91.830002 
91.889999 
91.910004 
91.870003 
91.849998 
91.879997 
91.889999 
91.879997 
91.900002 
91.900002 
91.879997 
91.980003 
92.010002 
91.940002 
91.900002 
91.910004 
91.980003 
92.010002 
91.980003 
91.940002 
91.970001 
91.989998 
91.959999 
92.010002 
91.959999 
92.000000 
91.970001 
91.930000 
92.040001 
92.019997 
92.050003 
92.089996 
92.019997 
92.040001 
92.089996 
92.050003 
92.050003 
92.050003 
92.040001 
92.040001 
92.070000 
92.010002 
92.070000 
92.070000 
92.040001 
92.129997 
92.150002 
92.209999 
92.169998 
92.089996 
92.139999 
92.160004 
92.120003 
92.129997 
92.150002 
92.199997 
92.129997 
92.169998 
92.129997 
92.209999 
92.320000 
92.239998 
92.230003 
92.220001 
92.269997 
92.320000 
92.269997 
92.180000 
92.180000 
92.180000 
92.190002 
92.279999 
92.279999 
92.250000 
92.330002 
92.330002 
92.260002 
92.279999 
92.269997 
92.269997 
92.290001 
92.239998 
92.309998 
92.360001 
92.330002 
92.370003 
92.349998 
92.360001 
92.349998 
92.360001 
92.360001 
92.410004 
92.449997 
92.400002 
92.430000 
92.419998 
92.419998 
92.349998 
92.400002 
92.419998 
92.449997 
92.400002 
92.360001 
92.379997 
92.410004 
92.449997 
92.519997 
92.529999 
92.480003 
92.459999 
92.449997 
92.480003 
92.389999 
92.500000 
92.440002 
92.449997
