20.719999 
58.720001 
72.940002 
79.400002 
83.970001 
85.550003 
87.550003 
88.230003 
89.180000 
90.309998 
91.459999 
91.849998 
92.570000 
92.910004 
93.220001 
93.930000 
93.980003 
94.220001 
94.449997 
94.559998 
94.720001 
94.919998 
94.910004 
95.150002 
95.279999 
95.419998 
95.570000 
95.629997 
95.830002 
95.889999 
95.959999 
96.099998 
96.150002 
96.220001 
96.290001 
96.349998 
96.339996 
96.449997 
96.470001 
96.669998 
96.629997 
96.589996 
96.709999 
96.760002 
96.849998 
96.870003 
96.949997 
96.970001 
97.019997 
96.949997 
97.169998 
97.260002 
97.180000 
97.209999 
97.250000 
97.139999 
97.110001 
97.239998 
97.209999 
97.269997 
97.330002 
97.309998 
97.320000 
97.370003 
97.470001 
97.419998 
97.419998 
97.430000 
97.529999 
97.440002 
97.559998 
97.620003 
97.599998 
97.660004 
97.730003 
97.739998 
97.779999 
97.839996 
97.730003 
97.769997 
97.720001 
97.790001 
97.830002 
97.919998 
97.919998 
97.910004 
97.980003 
97.919998 
98.050003 
98.019997 
97.989998 
98.000000 
98.010002 
97.989998 
97.970001 
97.949997 
98.019997 
98.059998 
97.989998 
98.080002 
98.089996 
98.070000 
98.029999 
98.129997 
98.040001 
98.120003 
98.129997 
98.190002 
98.260002 
98.209999 
98.199997 
98.180000 
98.279999 
98.309998 
98.199997 
98.239998 
98.209999 
98.260002 
98.300003 
98.269997 
98.250000 
98.300003 
98.269997 
98.349998 
98.379997 
98.389999 
98.370003 
98.349998 
98.370003 
98.370003 
98.389999 
98.430000 
98.410004 
98.440002 
98.389999 
98.459999 
98.360001 
98.449997 
98.410004 
98.449997 
98.440002 
98.430000 
98.449997 
98.419998 
98.480003 
98.489998 
98.519997 
98.480003 
98.419998 
98.470001 
98.500000 
98.459999 
98.489998 
98.540001 
98.480003 
98.440002 
98.529999 
98.529999 
98.419998 
98.459999 
98.510002 
98.470001 
98.470001 
98.500000 
98.449997 
98.500000 
98.510002 
98.559998 
98.529999 
98.510002 
98.470001 
98.529999 
98.559998 
98.540001 
98.620003 
98.519997 
98.580002 
98.519997 
98.540001 
98.570000 
98.540001 
98.519997 
98.550003 
98.519997 
98.529999 
98.580002 
98.570000 
98.629997 
98.550003 
98.629997 
98.540001 
98.559998 
98.580002 
98.580002 
98.540001 
98.550003 
98.589996 
98.660004 
98.589996 
98.669998 
98.629997 
98.620003 
98.599998 
98.669998 
98.639999 
98.610001 
98.610001 
98.650002 
98.629997 
98.599998 
98.570000 
98.610001 
98.610001 
98.650002 
98.660004 
98.650002 
98.660004 
98.669998 
98.730003 
98.629997 
98.629997 
98.639999 
98.650002 
98.610001 
98.620003 
98.559998 
98.610001 
98.639999 
98.629997 
98.610001 
98.589996 
98.669998 
98.669998 
98.650002 
98.650002 
98.699997 
98.669998 
98.660004 
98.680000 
98.629997 
98.660004 
98.699997 
98.699997 
98.720001 
98.709999 
98.669998 
98.669998 
98.699997 
98.739998 
98.730003 
98.720001 
98.739998 
98.690002 
98.730003 
98.739998 
98.650002 
98.709999 
98.769997 
98.720001 
98.699997 
98.730003 
98.739998 
98.760002 
98.709999 
98.760002 
98.750000 
98.720001 
98.769997 
98.750000 
98.739998 
98.760002 
98.750000 
98.779999 
98.709999 
98.690002 
98.720001 
98.709999 
98.709999 
98.699997 
98.739998 
98.790001 
98.830002 
98.730003 
98.730003 
98.779999 
98.760002 
98.760002 
98.750000 
98.760002 
98.820000 
98.750000 
98.830002 
98.849998 
98.779999 
98.760002 
98.760002 
98.809998 
98.790001 
98.769997 
98.800003 
98.769997 
98.839996 
98.790001 
98.750000 
98.820000 
98.779999 
98.800003 
98.790001 
98.849998 
98.889999 
98.860001 
98.750000 
98.779999 
98.820000 
98.800003 
98.769997 
98.849998 
98.820000 
98.809998 
98.820000 
98.790001 
98.809998 
98.870003 
98.809998 
98.790001 
98.790001 
98.769997 
98.800003 
98.830002 
98.809998 
98.820000 
98.800003 
98.769997 
98.769997 
98.800003 
98.790001 
98.800003 
98.849998 
98.889999 
98.809998 
98.849998 
98.790001 
98.790001 
98.779999 
98.809998 
98.860001 
98.830002 
98.849998 
98.900002 
98.879997 
98.839996 
98.870003 
98.870003 
98.900002 
98.839996 
98.879997 
98.879997 
98.879997 
98.870003 
98.860001 
98.820000 
98.839996 
98.910004 
98.879997 
98.940002 
98.870003 
98.879997 
98.839996 
98.870003 
98.860001 
98.849998 
98.900002 
98.910004 
98.860001 
98.919998 
98.910004 
98.889999 
98.860001 
98.879997 
98.839996 
98.870003 
98.879997 
98.879997 
98.870003 
98.910004 
98.870003 
98.839996 
98.879997 
98.900002 
98.870003 
98.879997 
98.919998 
98.930000 
98.970001 
98.949997 
98.919998 
98.889999 
98.870003 
98.919998 
98.930000 
98.930000 
98.940002 
98.940002 
98.910004 
98.930000 
98.919998 
98.959999 
98.919998 
98.940002 
98.879997 
98.900002 
98.900002 
98.949997 
98.919998 
98.940002 
98.910004 
98.919998 
98.930000 
98.930000 
98.889999 
98.900002 
98.839996 
98.919998 
98.910004 
98.949997 
98.959999 
98.959999 
98.959999 
98.980003 
98.940002 
98.940002 
98.949997 
98.970001 
98.959999 
98.970001 
98.940002 
98.980003 
98.970001 
98.940002 
98.910004 
98.900002 
98.919998 
98.980003 
98.980003 
98.949997 
98.959999 
98.949997 
98.959999 
98.959999 
98.889999 
98.959999 
98.949997 
99.010002 
98.949997 
98.970001 
98.989998 
98.959999 
98.919998 
98.910004 
98.870003 
98.980003 
98.930000 
98.959999 
98.980003 
99.000000 
98.930000 
98.959999 
98.959999 
98.930000 
98.919998 
98.959999 
98.980003 
98.989998 
98.959999 
98.959999 
98.959999 
98.959999 
98.959999 
98.959999 
99.010002 
98.959999 
99.019997 
99.019997 
98.959999 
98.949997 
98.970001 
98.970001 
98.980003 
99.000000 
98.970001 
98.970001 
98.980003 
98.980003 
98.970001 
98.980003 
98.959999 
98.949997 
98.989998 
99.010002 
99.010002 
98.970001 
98.980003 
98.980003 
98.940002 
98.919998 
98.940002 
98.970001 
98.959999 
98.949997 
99.010002 
98.919998 
99.010002 
99.010002 
99.010002 
98.989998 
99.019997 
99.040001 
98.970001 
98.959999 
98.980003 
98.980003 
98.980003 
98.919998 
98.970001 
98.949997 
98.949997 
98.959999 
98.980003 
98.970001 
99.040001 
99.019997 
98.980003 
98.970001 
98.959999 
98.989998 
98.949997 
99.010002 
98.980003 
98.980003 
98.970001 
98.980003 
98.980003 
98.970001 
98.980003 
98.970001 
99.040001 
99.029999 
98.919998 
98.949997 
98.989998 
99.059998 
99.059998 
99.029999 
99.000000 
98.989998 
98.970001 
99.010002 
98.989998 
98.949997 
98.900002 
98.980003 
98.930000 
98.980003 
98.959999 
99.010002 
98.970001 
98.949997 
98.980003 
98.970001 
98.949997 
98.970001 
98.989998 
99.000000 
98.980003 
99.019997 
99.029999 
99.000000 
99.029999 
98.989998 
99.010002 
99.019997 
99.000000 
99.029999 
98.989998 
99.000000 
99.040001 
99.050003 
99.019997 
99.029999 
98.989998 
99.050003 
99.059998 
98.980003 
99.050003 
99.019997 
99.029999 
98.989998 
99.010002 
99.010002 
98.970001 
99.019997 
99.050003 
98.970001 
99.019997 
99.059998 
99.019997 
99.019997 
99.010002 
98.980003 
99.000000 
98.949997 
99.019997 
99.000000 
99.040001 
99.010002 
99.050003 
99.040001 
99.010002 
99.040001 
99.059998 
98.989998 
99.040001 
98.980003 
99.029999 
99.019997 
99.029999 
99.050003 
99.000000 
98.989998 
99.050003 
99.029999 
99.019997 
99.040001 
99.029999 
99.010002 
98.970001 
99.019997 
98.970001 
99.029999 
99.019997 
99.029999 
99.000000 
99.000000 
99.019997 
99.000000 
99.080002 
99.029999 
99.019997 
99.050003 
99.010002 
99.029999 
99.050003 
99.010002 
99.050003 
99.059998 
99.059998 
99.059998 
99.070000 
99.029999 
99.050003 
99.040001 
99.070000 
99.040001 
99.019997 
99.040001 
99.029999 
99.050003 
99.040001 
99.059998 
99.059998 
99.059998 
99.040001 
99.029999 
99.010002 
99.080002 
99.070000 
99.059998 
99.080002 
99.040001 
99.070000 
99.050003 
99.059998 
99.010002 
99.070000 
99.070000 
98.970001 
99.019997 
99.029999 
99.040001 
99.000000 
98.970001 
98.949997 
99.029999 
99.010002 
99.029999 
99.029999 
99.029999 
99.019997 
99.070000 
99.070000 
99.050003 
99.050003 
99.070000 
99.070000 
99.019997 
99.000000 
99.029999 
99.019997 
99.000000 
99.029999 
99.029999 
99.059998 
99.029999 
99.040001 
99.029999 
99.059998 
99.029999 
99.050003 
99.050003 
99.050003 
99.040001 
99.029999 
99.059998 
99.059998 
99.080002 
99.059998 
99.089996 
99.010002 
99.029999 
99.050003 
99.070000 
99.000000 
99.050003 
99.080002 
99.050003 
99.099998 
99.070000 
99.099998 
99.050003 
99.050003 
99.050003 
99.070000 
99.050003 
99.050003 
99.070000 
99.029999 
99.110001 
99.120003 
99.089996 
99.050003 
99.040001 
99.070000 
99.059998 
99.029999 
99.010002 
99.040001 
99.080002 
99.040001 
99.040001 
99.080002 
99.070000 
99.089996 
99.050003 
99.070000 
99.059998 
99.129997 
99.080002 
99.080002 
99.029999 
99.029999 
99.080002 
99.120003 
99.080002 
99.040001 
99.089996 
99.080002 
99.040001 
99.029999 
99.070000 
99.070000 
99.089996 
99.080002 
99.080002 
99.019997 
99.089996 
99.000000 
99.010002 
99.019997 
99.019997 
99.059998 
99.019997 
99.050003 
99.029999 
99.010002 
99.080002 
99.089996 
99.059998 
99.120003 
99.070000 
99.089996 
99.120003 
99.050003 
99.050003 
99.040001 
99.089996 
99.129997 
99.070000 
99.160004 
99.010002 
99.040001 
99.080002 
99.050003 
99.089996 
99.099998 
99.099998 
99.080002 
99.110001 
99.080002 
99.050003 
99.050003 
99.040001 
99.019997 
99.070000 
99.070000 
99.099998 
99.019997 
99.070000 
99.110001 
99.050003 
99.120003 
99.059998 
99.080002 
99.120003 
99.080002 
99.089996 
99.080002 
99.070000 
99.019997 
99.019997 
99.040001 
99.059998 
99.019997 
99.040001 
99.070000 
99.080002 
99.099998 
99.070000 
99.070000 
99.040001 
99.099998 
99.059998 
99.029999 
99.160004 
99.110001 
99.070000 
99.089996 
99.110001 
99.099998 
99.050003 
99.089996 
99.059998 
99.080002 
99.050003 
99.099998 
99.099998 
99.080002 
99.120003 
99.150002 
99.080002 
99.070000 
99.120003 
99.089996 
99.050003 
99.080002 
99.059998 
99.029999 
99.059998 
99.070000 
99.080002 
99.029999 
99.019997 
99.040001 
99.070000 
99.089996 
99.059998 
99.089996 
99.089996 
99.070000 
99.110001 
99.089996 
99.040001 
99.070000 
99.089996 
99.070000 
99.080002 
99.080002 
99.089996 
99.059998 
99.080002 
99.070000 
99.089996 
99.040001 
99.059998 
99.050003 
99.080002 
99.070000 
99.010002 
99.089996 
99.059998 
99.070000 
99.050003 
99.110001 
99.040001 
99.070000 
99.080002 
99.050003 
99.089996 
99.080002 
99.070000 
99.080002 
99.080002 
99.050003 
99.050003 
99.120003 
99.089996 
99.110001 
99.110001 
99.139999 
99.150002 
99.120003 
99.080002 
99.059998 
99.139999 
99.099998 
99.129997 
99.080002 
99.089996 
99.089996 
99.110001 
99.099998 
99.080002 
99.089996 
99.110001 
99.089996 
99.110001 
99.080002 
99.059998 
99.150002 
99.080002 
99.070000 
99.099998 
99.080002 
99.129997 
99.089996 
99.070000 
99.080002 
99.050003 
99.099998 
99.080002 
99.089996 
99.040001 
99.099998 
99.089996 
99.110001 
99.110001 
99.080002 
99.099998 
99.080002 
99.110001 
99.050003 
99.050003 
99.050003 
99.050003 
99.099998 
99.050003 
99.070000 
99.059998 
99.080002 
99.070000 
99.059998 
99.080002 
99.110001 
99.089996 
99.110001 
99.099998 
99.059998 
99.029999 
99.050003 
99.099998 
99.050003 
99.089996 
99.070000 
99.070000 
99.029999 
99.040001 
99.050003 
99.059998 
99.059998 
99.080002 
99.050003 
