83.519997 
91.269997 
93.220001 
94.360001 
95.190002 
95.809998 
95.970001 
96.330002 
96.470001 
96.760002 
96.820000 
96.900002 
97.070000 
97.220001 
97.190002 
97.300003 
97.349998 
97.419998 
97.589996 
97.650002 
97.669998 
97.699997 
97.699997 
97.739998 
97.760002 
97.860001 
97.820000 
97.980003 
97.879997 
98.019997 
98.029999 
98.050003 
98.089996 
98.029999 
98.099998 
98.169998 
98.099998 
98.180000 
98.180000 
98.110001 
98.239998 
98.209999 
98.260002 
98.320000 
98.279999 
98.279999 
98.379997 
98.400002 
98.389999 
98.330002 
98.370003 
98.349998 
98.349998 
98.389999 
98.459999 
98.430000 
98.389999 
98.430000 
98.449997 
98.480003 
98.540001 
98.540001 
98.459999 
98.459999 
98.529999 
98.550003 
98.620003 
98.589996 
98.660004 
98.620003 
98.589996 
98.589996 
98.699997 
98.650002 
98.610001 
98.680000 
98.589996 
98.620003 
98.669998 
98.690002 
98.739998 
98.720001 
98.669998 
98.639999 
98.669998 
98.690002 
98.639999 
98.739998 
98.720001 
98.730003 
98.779999 
98.760002 
98.769997 
98.739998 
98.769997 
98.800003 
98.769997 
98.760002 
98.790001 
98.750000 
98.779999 
98.760002 
98.769997 
98.800003 
98.849998 
98.839996 
98.820000 
98.779999 
98.790001 
98.839996 
98.779999 
98.809998 
98.820000 
98.739998 
98.830002 
98.769997 
98.809998 
98.839996 
98.820000 
98.790001 
98.800003 
98.839996 
98.800003 
98.769997 
98.830002 
98.820000 
98.889999 
98.879997 
98.839996 
98.930000 
98.889999 
98.870003 
98.889999 
98.879997 
98.910004 
98.839996 
98.900002 
98.879997 
98.889999 
98.879997 
98.820000 
98.870003 
98.860001 
98.930000 
98.919998 
98.889999 
98.870003 
98.900002 
98.970001 
98.900002 
98.900002 
98.930000 
98.919998 
98.940002 
98.930000 
98.959999 
98.910004 
98.879997 
98.889999 
98.930000 
98.900002 
98.900002 
98.940002 
98.940002 
98.910004 
98.919998 
98.989998 
98.959999 
99.000000 
98.989998 
98.959999 
98.919998 
98.959999 
98.889999 
98.970001 
98.900002 
98.919998 
98.930000 
98.980003 
99.000000 
98.989998 
98.949997 
98.959999 
98.900002 
98.959999 
98.959999 
98.889999 
98.949997 
98.989998 
98.970001 
98.930000 
98.959999 
98.970001 
99.000000 
99.050003 
98.949997 
98.989998 
98.980003 
98.959999 
98.959999 
99.000000 
99.000000 
99.070000 
99.029999 
99.029999 
99.000000 
99.040001 
99.010002 
99.000000 
99.050003 
98.989998 
99.089996 
99.029999 
99.099998 
99.029999 
99.019997 
98.980003 
98.970001 
99.099998 
99.000000 
99.000000 
99.050003 
99.050003 
99.050003 
99.029999 
99.059998 
99.010002 
99.059998 
99.050003 
99.070000 
99.120003 
99.070000 
99.029999 
99.040001 
99.110001 
99.059998 
99.000000 
99.080002 
99.089996 
99.089996 
99.089996 
99.050003 
99.050003 
99.029999 
99.050003 
99.059998 
99.040001 
99.040001 
99.050003 
99.110001 
98.989998 
99.029999 
99.019997 
99.089996 
99.089996 
99.099998 
99.099998 
99.089996 
99.050003 
99.050003 
99.050003 
99.059998 
99.059998 
99.129997 
99.099998 
99.040001 
99.080002 
99.050003 
99.070000 
99.050003 
99.029999 
99.070000 
99.110001 
99.089996 
99.029999 
99.059998 
99.080002 
99.089996 
99.059998 
99.059998 
99.089996 
99.019997 
99.070000 
99.080002 
99.139999 
99.110001 
99.120003 
99.089996 
99.089996 
99.010002 
99.059998 
99.059998 
99.089996 
99.099998 
99.080002 
99.099998 
99.040001 
99.050003 
99.059998 
99.010002 
99.089996 
99.080002 
99.080002 
99.099998 
99.019997 
99.129997 
99.059998 
99.070000 
99.099998 
99.110001 
99.089996 
99.080002 
99.099998 
99.120003 
99.120003 
99.099998 
99.089996 
99.169998 
99.150002 
99.160004 
99.099998 
99.089996 
99.139999 
99.080002 
99.139999 
99.059998 
99.110001 
99.110001 
99.120003 
99.099998 
99.129997 
99.070000 
99.080002 
99.110001 
99.070000 
99.110001 
99.080002 
99.139999 
99.099998 
99.089996 
99.110001 
99.120003 
99.080002 
99.080002 
99.070000 
99.099998 
99.089996 
99.050003 
99.070000 
99.080002 
99.110001 
99.089996 
99.080002 
99.099998 
99.129997 
99.089996 
99.089996 
99.099998 
99.089996 
99.120003 
99.160004 
99.150002 
99.059998 
99.150002 
99.080002 
99.110001 
99.080002 
99.080002 
99.099998 
99.110001 
99.160004 
99.110001 
99.080002 
99.110001 
99.129997 
99.169998 
99.110001 
99.150002 
99.099998 
99.139999 
99.139999 
99.129997 
99.139999 
99.099998 
99.089996 
99.070000 
99.110001 
99.089996 
99.129997 
99.099998 
99.139999 
99.129997 
99.129997 
99.010002 
99.110001 
99.059998 
99.019997 
99.099998 
99.099998 
99.139999 
99.110001 
99.169998 
99.099998 
99.070000 
99.120003 
99.059998 
99.120003 
99.150002 
99.110001 
99.120003 
99.080002 
99.110001 
99.110001 
99.150002 
99.110001 
99.110001 
99.150002 
99.099998 
99.120003 
99.080002 
99.120003 
99.139999 
99.129997 
99.110001 
99.160004 
99.110001 
99.120003 
99.110001 
99.129997 
99.120003 
99.099998 
99.139999 
99.120003 
99.110001 
99.050003 
99.080002 
99.059998 
99.019997 
99.129997 
99.129997 
99.160004 
99.120003 
99.070000 
99.160004 
99.099998 
99.160004 
99.139999 
99.129997 
99.110001 
99.089996 
99.059998 
99.139999 
99.089996 
99.080002 
99.080002 
99.110001 
99.139999 
99.059998 
99.089996 
99.110001 
99.150002 
99.120003 
99.080002 
99.089996 
99.120003 
99.080002 
99.080002 
99.059998 
99.040001 
99.110001 
99.160004 
99.120003 
99.099998 
99.110001 
99.110001 
99.050003 
99.099998 
99.110001 
99.129997 
99.089996 
99.110001 
99.040001 
99.050003 
99.129997 
99.080002 
99.089996 
99.120003 
99.150002 
99.120003 
99.050003 
99.139999 
99.129997 
99.110001 
99.120003 
99.099998 
99.120003 
99.139999 
99.099998 
99.099998 
99.129997 
99.110001 
99.169998 
99.110001 
99.139999 
99.129997 
99.099998 
99.059998 
99.160004 
99.160004 
99.150002 
99.160004 
99.169998 
99.139999 
99.139999 
99.120003 
99.089996 
99.120003 
99.110001 
99.139999 
99.169998 
99.139999 
99.139999 
99.139999 
99.150002 
99.110001 
99.160004 
99.139999 
99.139999 
99.169998 
99.180000 
99.150002 
99.139999 
99.129997 
99.169998 
99.150002 
99.160004 
99.129997 
99.160004 
99.169998 
99.129997 
99.150002 
99.169998 
99.139999 
99.160004 
99.139999 
99.150002 
99.169998 
99.110001 
99.160004 
99.120003 
99.150002 
99.199997 
99.110001 
99.129997 
99.160004 
99.150002 
99.190002 
99.139999 
99.129997 
99.169998 
99.089996 
99.110001 
99.169998 
99.180000 
99.150002 
99.129997 
99.139999 
99.150002 
99.139999 
99.160004 
99.120003 
99.129997 
99.180000 
99.139999 
99.120003 
99.139999 
99.160004 
99.199997 
99.169998 
99.180000 
99.199997 
99.199997 
99.180000 
99.180000 
99.150002 
99.129997 
99.129997 
99.120003 
99.169998 
99.150002 
99.120003 
99.199997 
99.160004 
99.120003 
99.160004 
99.169998 
99.160004 
99.180000 
99.139999 
99.190002 
99.129997 
99.129997 
99.180000 
99.110001 
99.160004 
99.150002 
99.110001 
99.150002 
99.120003 
99.150002 
99.160004 
99.110001 
99.120003 
99.160004 
99.099998 
99.080002 
99.160004 
99.080002 
99.160004 
99.160004 
99.139999 
99.099998 
99.050003 
99.120003 
99.169998 
99.129997 
99.080002 
99.129997 
99.099998 
99.139999 
99.139999 
99.139999 
99.160004 
99.139999 
99.139999 
99.190002 
99.160004 
99.099998 
99.129997 
99.120003 
99.099998 
99.150002 
99.110001 
99.150002 
99.110001 
99.160004 
99.129997 
99.059998 
99.050003 
99.070000 
99.070000 
99.129997 
99.139999 
99.150002 
99.120003 
99.110001 
99.180000 
99.150002 
99.150002 
99.169998 
99.160004 
99.099998 
99.169998 
99.129997 
99.129997 
99.150002 
99.209999 
99.180000 
99.139999 
99.139999 
99.180000 
99.110001 
99.139999 
99.080002 
99.089996 
99.099998 
99.190002 
99.129997 
99.059998 
99.139999 
99.160004 
99.150002 
99.160004 
99.080002 
99.129997 
99.129997 
99.150002 
99.169998 
99.180000 
99.110001 
99.129997 
99.139999 
99.169998 
99.110001 
99.089996 
99.070000 
99.190002 
99.099998 
99.089996 
99.070000 
99.180000 
99.099998 
99.129997 
99.089996 
99.150002 
99.160004 
99.129997 
99.199997 
99.150002 
99.080002 
99.160004 
99.169998 
99.180000 
99.129997 
99.050003 
99.169998 
99.129997 
99.169998 
99.129997 
99.150002 
99.160004 
99.110001 
99.120003 
99.160004 
99.120003 
99.160004 
99.110001 
99.169998 
99.160004 
99.120003 
99.139999 
99.139999 
99.120003 
99.120003 
99.190002 
99.180000 
99.190002 
99.120003 
99.180000 
99.150002 
99.129997 
99.120003 
99.129997 
99.120003 
99.120003 
99.099998 
99.139999 
99.150002 
99.120003 
99.120003 
99.099998 
99.059998 
99.129997 
99.180000 
99.120003 
99.169998 
99.089996 
99.209999 
99.190002 
99.160004 
99.209999 
99.180000 
99.169998 
99.110001 
99.180000 
99.160004 
99.190002 
99.139999 
99.160004 
99.209999 
99.230003 
99.190002 
99.180000 
99.150002 
99.139999 
99.129997 
99.160004 
99.190002 
99.150002 
99.250000 
99.180000 
99.150002 
99.190002 
99.220001 
99.129997 
99.099998 
99.190002 
99.169998 
99.209999 
99.169998 
99.199997 
99.120003 
99.199997 
99.199997 
99.180000 
99.199997 
99.220001 
99.209999 
99.220001 
99.150002 
99.169998 
99.230003 
99.169998 
99.160004 
99.220001 
99.230003 
99.220001 
99.199997 
99.110001 
99.120003 
99.230003 
99.139999 
99.190002 
99.190002 
99.160004 
99.180000 
99.160004 
99.150002 
99.129997 
99.169998 
99.209999 
99.139999 
99.139999 
99.110001 
99.139999 
99.160004 
99.190002 
99.190002 
99.169998 
99.180000 
99.180000 
99.190002 
99.199997 
99.150002 
99.199997 
99.169998 
99.190002 
99.160004 
99.169998 
99.150002 
99.080002 
99.180000 
99.169998 
99.120003 
99.139999 
99.169998 
99.180000 
99.190002 
99.150002 
99.129997 
99.129997 
99.160004 
99.190002 
99.169998 
99.199997 
99.150002 
99.139999 
99.150002 
99.169998 
99.120003 
99.160004 
99.160004 
99.169998 
99.129997 
99.190002 
99.139999 
99.190002 
99.190002 
99.160004 
99.209999 
99.209999 
99.180000 
99.160004 
99.150002 
99.129997 
99.120003 
99.089996 
99.129997 
99.169998 
99.089996 
99.150002 
99.190002 
99.150002 
99.139999 
99.190002 
99.129997 
99.120003 
99.099998 
99.150002 
99.199997 
99.150002 
99.120003 
99.110001 
99.199997 
99.150002 
99.150002 
99.110001 
99.099998 
99.169998 
99.169998 
99.110001 
99.160004 
99.160004 
99.110001 
99.080002 
99.129997 
99.139999 
99.169998 
99.120003 
99.129997 
99.160004 
99.150002 
99.160004 
99.120003 
99.120003 
99.089996 
99.110001 
99.139999 
99.099998 
99.139999 
99.190002 
99.209999 
99.139999 
99.139999 
99.239998 
99.160004 
99.169998 
99.230003 
99.150002 
99.139999 
99.150002 
99.139999 
99.199997 
99.139999 
99.220001 
99.160004 
99.180000 
99.190002 
99.150002 
99.120003 
99.139999 
99.209999 
99.169998 
99.150002 
99.099998 
99.099998 
99.169998 
99.139999 
99.099998 
99.169998 
99.190002 
99.129997 
99.139999 
99.190002 
99.169998 
99.129997 
99.190002 
99.150002 
99.139999 
99.169998 
99.129997 
99.120003 
99.190002 
99.169998 
99.169998 
99.190002 
99.160004 
99.169998 
99.199997 
99.220001 
99.180000 
99.190002 
99.199997 
99.180000 
99.169998 
99.209999 
99.209999 
99.160004 
99.180000 
99.180000 
99.169998 
99.160004 
99.129997 
99.169998 
99.120003 
99.209999 
99.190002 
99.160004 
99.120003 
99.129997 
99.180000 
99.150002 
99.150002 
99.139999 
99.169998 
99.169998 
99.120003 
99.160004 
99.160004 
99.169998 
