83.44
91.67
93.94
94.83
95.4
95.93
96.29
96.48
96.79
96.87
97.08
97.19
97.32
97.36
97.54
97.7
97.76
97.8
97.89
97.94
97.93
97.99
97.96
97.98
98.11
98.14
98.06
98.15
98.26
98.25
98.23
98.3
98.21
98.35
98.29
98.32
98.33
98.33
98.3
98.23
98.43
98.36
98.38
98.36
98.48
98.39
98.43
98.37
98.4
98.43
98.5
98.45
98.51
98.49
98.46
98.51
98.45
98.54
98.44
98.56
98.57
98.5
98.57
98.63
98.57
98.59
98.65
98.69
98.66
98.59
98.64
98.68
98.68
98.61
98.7
98.63
98.71
98.7
98.76
98.67
98.75
98.7
98.74
98.65
98.76
98.72
98.76
98.72
98.74
98.76
98.74
98.8
98.87
98.74
98.84
98.82
98.82
98.76
98.79
98.78
