97.45
98.26
98.53
98.63
98.77
98.8
98.85
98.9
98.95
98.94
98.96
99.0
99.01
99.02
99.04
99.04
99.06
99.06
99.04
99.05
99.1
99.01
99.05
99.06
99.1
99.07
99.04
99.11
99.1
99.06
99.04
99.11
99.15
99.04
99.07
99.08
99.07
99.09
99.12
99.06
99.13
99.16
99.13
99.12
99.12
99.12
99.09
99.13
99.12
99.18
99.14
99.1
99.1
99.15
99.12
99.14
99.12
99.13
99.09
99.17
99.19
99.16
99.16
99.11
99.12
99.12
99.16
99.15
99.11
99.12
99.11
99.18
99.14
99.1
99.11
99.12
99.12
99.17
99.13
99.17
99.2
99.14
99.14
99.11
99.14
99.13
99.18
99.17
99.18
99.18
99.1
99.13
99.16
99.14
99.16
99.11
99.14
99.12
99.16
99.13
