6.9
26.22
44.92
51.64
57.87
65.05
73.63
80.66
83.01
84.13
85.72
86.26
87.03
87.52
88.45
88.6
89.04
89.41
89.82
89.99
90.47
90.71
91.09
91.35
91.59
91.79
91.89
92.03
92.22
92.38
92.5
92.67
92.97
93.17
93.15
93.42
93.49
93.65
93.71
93.62
93.94
94.05
94.0
94.17
94.22
94.25
94.28
94.45
94.53
94.55
94.64
94.74
94.78
94.82
94.82
94.85
94.94
94.95
95.03
95.06
95.11
95.19
95.23
95.27
95.37
95.48
95.35
95.4
95.49
95.5
95.52
95.61
95.63
95.67
95.66
95.69
95.81
95.79
95.78
95.86
95.92
95.86
95.88
95.94
95.91
96.12
96.08
96.2
96.15
96.2
96.13
96.22
96.23
96.25
96.23
96.31
96.34
96.36
96.37
96.29
