10.28
14.23
19.24
23.61
27.48
31.98
34.11
34.86
35.96
37.57
39.03
41.41
41.94
44.04
46.07
48.1
50.36
51.9
53.94
56.31
58.53
60.31
62.24
64.91
68.31
68.78
69.98
72.56
73.74
75.67
76.97
77.77
78.65
79.42
79.87
80.95
81.54
82.07
82.51
82.92
83.19
83.42
83.63
84.33
84.53
84.71
85.14
85.29
85.57
85.98
86.03
86.06
86.49
86.48
86.9
86.94
87.15
87.32
87.46
87.43
87.87
88.09
88.11
88.38
88.47
88.4
88.72
88.96
89.08
88.92
89.28
89.34
89.26
89.54
89.71
89.77
89.87
89.77
90.16
90.07
90.16
90.25
90.2
90.46
90.59
90.65
90.7
90.65
90.78
90.7
90.94
91.05
90.91
91.19
91.11
91.09
91.27
91.31
91.32
91.39
