95.21
96.58
97.28
97.44
97.83
98.03
98.25
98.33
98.38
98.49
98.55
98.61
98.67
98.66
98.64
98.75
98.82
98.83
98.88
98.84
98.86
98.84
98.92
98.96
98.93
98.89
98.99
98.97
98.97
99.03
99.08
98.99
99.08
99.07
99.01
99.1
99.04
99.03
99.03
99.05
99.12
99.07
99.09
99.13
99.1
99.08
99.19
99.13
99.15
99.19
99.16
99.1
99.13
99.11
99.15
99.14
99.1
99.21
99.15
99.15
99.14
99.18
99.12
99.18
99.14
99.14
99.14
99.15
99.16
99.17
99.26
99.19
99.23
99.25
99.19
99.2
99.16
99.19
99.17
99.23
99.21
99.18
99.16
99.15
99.17
99.2
99.19
99.15
99.14
99.21
99.23
99.17
99.19
99.15
99.14
99.21
99.16
99.17
99.17
99.18
