12.59
12.47
15.67
15.29
27
9.86
25.43
23.13
37.03
16.08
46.99
24.48
36.22
26.83
46.03
17.02
37.58
42.52
32.57
41.38
45.8
48.26
48.84
59.02
56.63
61.81
50.42
47.39
41.44
64.93
46.77
62.76
68.77
50.71
60.7
59.82
51.32
61.13
60.41
69.53
76.02
71.85
71.37
71.06
77.99
66.55
72.05
65.39
66.33
59.83
60.49
70.45
80.92
76.47
74.85
74.08
71.74
77.23
73.72
79.59
66.89
79.92
70.77
72.56
67.58
81.35
74.87
80.09
79.3
82.07
80.48
70.81
74.87
78.95
81.9
66.82
71.47
69.22
76.2
76.55
84.15
78.01
81.63
78.44
80.5
84.68
74.52
77.59
83.82
78.65
78.59
72.48
81.66
83.18
82.17
80.29
77.52
84.15
85.08
81.38
80.53
81.19
77.5
83.89
82.11
82.04
82.11
86.46
81.15
82.18
81.74
82.77
77.7
82.43
84.31
77.9
84.48
85.18
85.06
81.13
87.05
86.58
87.21
88.56
81.13
82.1
78.69
86.33
85.94
82.27
88.32
81.22
79.67
86.21
86.82
82.16
85.62
84.68
77.29
84.02
83.43
85.34
76.25
86.73
85.11
85.8
86.5
87.03
87.12
89.14
88.61
85.42
82.75
85.94
82.6
82.31
87.41
88.07
78.8
81.89
82.02
88.41
86.4
84.97
86.37
83.86
89.64
84.38
86.77
88.04
86.9
88.03
85.45
87.28
87.47
87.7
85.31
84.68
87.99
75.51
80.86
71.21
78.31
89.35
88.56
88.19
85.87
86.89
85.67
88.28
87.4
88.07
90.18
88.3
79.7
87.6
87.33
86.62
86.8
88.43
