16.06
28.54
36.23
52.28
52.02
41.76
65.91
61.24
63.24
74.06
75.94
80.1
77.58
77.29
74.69
71.6
77.54
79.65
84.21
84.21
82.29
86.83
89.67
75.59
87.25
90.26
91.42
86.65
89.49
91.85
87.11
83.61
88.32
89.34
93.57
89.5
91.37
89.61
93.01
84.53
81.34
89.53
88.28
87.93
91.16
92.23
90.78
89.24
91.9
94.33
92.5
92.61
93.25
92.21
93.33
94.51
92.97
92.74
94.12
93.15
89.59
94.19
90.9
92.97
95.27
95.05
88.93
92.26
95.6
92.82
90.51
94.93
95.11
90.49
93.26
94.14
94.34
94.89
94.68
94.38
91.75
95.12
95.28
93.69
94.73
92.92
94.45
94.9
95.12
95.61
95.27
95.42
95.02
96.17
94.38
95.48
93.98
94.96
94.64
94.87
95.12
95.76
95.02
94.38
93.7
94.94
95.26
96.15
96.79
96.19
95.76
95.01
95.57
94.69
94.57
94.46
96.5
94.97
96.49
95.79
96.41
95.59
96.03
94.12
96
95.85
96.02
95.36
90.87
96.32
93.95
96.29
96.13
94.84
94.93
94.44
95.36
96.02
96.17
96.51
95.75
96.43
95.55
93.08
93.13
96.39
95.43
96.28
96.83
96.02
96.9
96.15
95.25
96.58
96.35
96.72
96.96
96.89
94.6
96.8
96.76
96.41
95.37
96.77
96.93
95.95
96.86
96.78
96.16
96.9
96.65
96.57
93.46
96.42
96.25
96.35
95.85
96.54
97.02
96.37
95.39
96.49
96.96
96.51
96.53
96.68
96.96
97.21
97.31
96.71
95.54
96.81
97.29
96.91
95.77
96.43
97.01
96.43
96.96
96.72
