9.82
11.95
19.99
9.58
21.73
39.12
21.22
34.8
13.47
25.75
34.18
14.51
40.75
47.24
60.89
69.47
58.25
66.41
55.33
69.44
53.4
52.11
61.7
60.14
64.13
61.61
71.91
63.63
76.55
75.79
75.49
62.42
73.97
65.02
54.33
77.56
78.77
69.16
68.45
82.17
76.42
79.42
71.73
75.37
76.92
71.11
77.68
77.57
76.99
82.12
79
76.57
79.02
72.75
81.18
84.13
69.31
83.9
81.27
82.68
82.71
81.86
80.15
86.25
80.63
77.51
85.39
85.22
82.21
78.4
86.71
83.63
85.64
81.64
81.99
87.8
83.09
87.48
82.68
89.46
83.64
76.57
78.64
82.57
87.46
81.79
84.53
87.36
87.45
89.55
88.9
89.86
87.1
87.46
84.8
89.05
88.64
86.19
89.44
88.77
86.79
77.99
84.36
89.29
88.53
88.96
90.07
75.21
85.35
89.28
87.83
86.27
86.6
89.14
86.68
86.95
89.29
90.59
90.07
90.44
86.44
86.58
79.67
84.48
89.3
84.27
88.35
86.43
89.4
90.14
81.82
90.18
86.57
87.11
92.2
92.64
91.68
88.31
90.78
91.19
79.85
86.98
84.46
85.95
87.51
91.75
90.95
90.59
88.18
86.42
79.67
92.23
90.83
87.46
90.03
85.39
91.47
91.38
91.19
88.49
88.26
90.39
89.93
89.68
91.65
90.72
90.54
92.6
92.63
89.01
91.91
89.1
91.46
86.6
90.15
92
83.74
83.06
91.34
92.16
91.38
92.04
89.03
88.99
92.59
87.71
89.07
92.79
92.28
88.74
92.62
91.96
92.14
90.81
92.84
92.59
91.45
92.24
92.6
91.5
