9.75
27.81
40.82
29.16
50.15
52.81
56.8
58.97
67.55
66.21
64.59
63.18
66.11
73.42
73.15
68.21
75.02
79.95
87.05
79.57
80.95
78.84
85.04
86.6
85.6
83.72
79.05
79.97
88.36
86.21
82.15
84.2
89.05
88.75
86.58
85.49
82.55
77.64
86.38
84.04
88.08
88.53
90.75
88.9
89.46
89.67
91.6
91.36
85.71
88.17
89.9
81.54
86.52
90.13
88.81
90.62
91.24
89.72
88.82
82.61
85.46
87.27
84.36
87.28
94.11
86.07
88.32
88.31
92.25
91.14
92.08
90.48
91.54
90.37
90.2
88.05
88.2
91.04
93.12
91.39
92.17
90.89
93.34
89.74
91.38
93.79
94.25
93.82
94.38
94
93.44
93.9
91.61
90.84
93.61
95
84.4
89.54
87.49
94.54
94.81
93.03
92.54
95.39
93.91
95.04
95.07
94.55
90.07
90.88
94.4
94.12
89.68
94.49
89.7
94.88
87.99
95.39
95.14
95.14
92.96
93.51
92.65
95.14
92.97
91.79
92.41
89.21
94.94
95.85
94.75
94.64
85.93
94.97
95
95.49
95.4
94.64
84.1
94.68
93.99
90.65
91.89
90.8
93.8
91.21
90.85
92.51
95.54
95.35
94.32
95.06
94.52
93.2
93.79
96.1
92.91
94.25
93.21
94.75
96.14
95.24
92.47
93.2
94.43
91.38
94.93
96.07
92.43
95.78
95.41
94.27
93.38
96.04
94.32
95.95
95.85
95.69
96.09
93.96
94.37
91.93
92.6
90.09
96.08
92.06
95.4
95.34
95.22
95.57
95.17
94.71
95.34
93.96
95.39
93.89
95.29
93.34
89.74
92.87
